0 0.5359375 0.128125 0.253125 0.25625
0 0.346875 0.18333333333333332 0.253125 0.3375
0 0.14375 0.275 0.2875 0.4083333333333333
0 0.0734375 0.5302083333333333 0.146875 0.75625
0 0.2875 0.035416666666666666 0.165625 0.07083333333333333
1 0.26015625 0.7916666666666666 0.4984375 0.4166666666666667
1 0.4640625 0.8104166666666667 0.1875 0.37916666666666665
1 0.4546875 0.7739583333333333 0.278125 0.45208333333333334
1 0.620125 0.6953125 0.306640625 0.3802083333333333
1 0.515625 0.5234375 0.30078125 0.171875
1 0.743171875 0.5351666666666667 0.259765625 0.2526041666666667
1 0.68653125 0.4192708333333333 0.201171875 0.09375
1 0.5859375 0.4336041666666667 0.23046875 0.18489583333333334
1 0.71875 0.3580833333333333 0.2109375 0.1796875
1 0.43359375 0.3424583333333333 0.20703125 0.16927083333333334
1 0.337890625 0.4127708333333333 0.17578125 0.21614583333333334
1 0.19239062499999998 0.5130208333333334 0.220703125 0.22395833333333334
1 0.728515625 0.2877708333333333 0.17578125 0.1328125
1 0.594734375 0.2604166666666667 0.173828125 0.18229166666666666
1 0.439453125 0.2682291666666667 0.19921875 0.14583333333333334
1 0.72890625 0.03854166666666667 0.1109375 0.07708333333333334