0 0.14765625 0.33958333333333335 0.1453125 0.2625
0 0.10078125 0.16145833333333334 0.1265625 0.11458333333333333
0 0.17578125 0.12083333333333333 0.0671875 0.1
0 0.84375 0.11979166666666667 0.11875 0.14791666666666667
1 0.7838593749999999 0.7183958333333335 0.18229687500000002 0.25
1 0.98515625 0.3572916666666667 0.0296875 0.13541666666666666
1 0.97890625 0.2947916666666667 0.0421875 0.07291666666666667
1 0.7512968750000001 0.19235416666666663 0.09114062500000006 0.07291666666666667
1 0.7083281250000001 0.1472291666666667 0.0625 0.059020833333333314
1 0.41665624999999995 0.7635416666666667 0.18229687499999997 0.2777708333333334
5 0.04140625 0.80625 0.0828125 0.3875
5 0.13671875 0.5795208333333333 0.20053125000000005 0.2916666666666667
5 0.4557343749999999 0.4215208333333334 0.203125 0.3506875000000001
1 0.272140625 0.4631875000000001 0.11198437500000002 0.15625
1 0.265625 0.23229166666666667 0.057296875000000025 0.10416666666666667
1 0.3893281249999999 0.18889583333333337 0.04948437499999998 0.07291666666666667
1 0.34375 0.1558958333333333 0.041671875000000025 0.041666666666666664
1 0.4427031250000001 0.1402708333333333 0.052078125000000065 0.04514583333333335
5 0.3177031250000001 0.08297916666666663 0.057296875000000025 0.09027083333333333
1 0.3971406249999999 0.06735416666666663 0.0234375 0.05902083333333333
1 0.6158906249999999 0.10208333333333333 0.049484374999999935 0.052083333333333336