0 0.59609375 0.9135416666666667 0.1109375 0.16041666666666668
0 0.6921875 0.9177083333333333 0.196875 0.16458333333333333
0 0.91015625 0.9083333333333333 0.1796875 0.18333333333333332
0 0.26953125 0.89375 0.0875 0.13125
1 0.7296875 0.9833333333333333 0.096875 0.03333333333333333
1 0.44453125 0.9760416666666667 0.1140625 0.04791666666666667
1 0.5609375 0.9760416666666667 0.1125 0.04791666666666667
1 0.309890625 0.9611041666666668 0.057296875000000025 0.0625
1 0.348953125 0.9420208333333332 0.057296875000000025 0.08681249999999992
3 0.12370312500000002 0.9402708333333334 0.033859375000000025 0.0625
1 0.434890625 0.9211874999999999 0.046875 0.05902083333333342
1 0.5109375 0.9416666666666667 0.075 0.11666666666666667