0 0.0875 0.228125 0.175 0.45625
0 0.12578125 0.04479166666666667 0.2515625 0.08958333333333333
1 0.23046875 0.34479166666666666 0.20703125 0.328125
1 0.509765625 0.36433333333333334 0.203125 0.2890625
1 0.828125 0.32395833333333335 0.25390625 0.4270833333333333
1 0.97265625 0.3375 0.0546875 0.36666666666666664
1 0.97734375 0.10729166666666666 0.0453125 0.21458333333333332
1 0.78984375 0.15416666666666667 0.1953125 0.30833333333333335
1 0.51465625 0.1703125 0.185546875 0.17708333333333334
1 0.287109375 0.18204166666666666 0.171875 0.23697916666666666
1 0.5359375 0.08229166666666667 0.1625 0.16458333333333333
1 0.328125 0.06041666666666667 0.1625 0.12083333333333333
1 0.5921875 0.027083333333333334 0.16875 0.05416666666666667
1 0.9453125 0.0625 0.109375 0.125