0 0.3515625 0.3885416666666667 0.040625 0.0375
0 0.428125 0.5104166666666666 0.1890625 0.20833333333333334
1 0.267828125 0.4600416666666666 0.06434375 0.10050000000000002
1 0.30321875 0.45820833333333333 0.03217187499999996 0.057604166666666616
1 0.2126875 0.4447291666666667 0.03676562499999998 0.04289583333333328
1 0.22646875 0.4116458333333333 0.023890625000000033 0.030645833333333292
1 0.611125 0.47291666666666665 0.07260937500000005 0.06739583333333338
1 0.754046875 0.5005000000000001 0.11212500000000007 0.08822916666666672
1 0.68740625 0.40429166666666666 0.041359375000000045 0.045333333333333316
1 0.622609375 0.37364583333333334 0.03125 0.045333333333333316
1 0.5720625 0.343625 0.025734375000000042 0.026958333333333327
1 0.584921875 0.32585416666666667 0.018374999999999985 0.033083333333333326
1 0.56103125 0.30870833333333336 0.011031249999999914 0.028187499999999942
1 0.582625 0.30502083333333335 0.010109375000000042 0.030645833333333292