0 0.27220170226433277 0.3721695840693752 0.06263048016701461 0.043359563192548585
0 0.39023606873293715 0.5130881644451581 0.29147261923879886 0.24088646218082543
6 0.14311064718162836 0.4548418178898345 0.09919704512606392 0.11620362935603026
1 0.19767143086558536 0.45272201702264325 0.04959852256303196 0.06660510679299819
1 0.058101814678015104 0.4371366629195439 0.05668058455114824 0.04959852256303184
1 0.07934800064236389 0.39888389272522884 0.03683154006744819 0.03543439858679941
1 0.6723622932391199 0.46972860125260957 0.11193993897542952 0.07792677051549707
1 0.8927011401959208 0.5016219688453508 0.17286012526096023 0.10201541673357957
1 0.7899630640757989 0.3903806006102457 0.06376264653926463 0.05241689417054755
1 0.6900674482094107 0.35494620202344623 0.04817729243616512 0.05241689417054755
1 0.6121406776939136 0.3202344628231893 0.03967400032118207 0.03117070820619878
1 0.6319656335313956 0.2996868475991649 0.028328247952465104 0.03825277019431511
1 0.5951340934639472 0.27986189176168297 0.017006584229966346 0.03259193833306571
1 0.6284246025373373 0.2755982013810823 0.015585354103099507 0.03543439858679941