0 0.4734375 0.4395833333333333 0.0421875 0.05416666666666667
0 0.4109375 0.503125 0.10625 0.14583333333333334
1 0.582171875 0.5556458333333334 0.07720312499999996 0.10293749999999993
1 0.284375 0.4637291666666667 0.025734375000000042 0.03677083333333329
1 0.325734375 0.47475 0.03860937499999997 0.07352083333333338
1 0.7398906249999999 0.8240208333333333 0.17021875000000009 0.2181458333333334
1 0.690171875 0.4177708333333333 0.028500000000000015 0.030645833333333292
1 0.7779375 0.449625 0.04412500000000001 0.05268750000000004
1 0.67775 0.3889791666666667 0.020218750000000084 0.03185416666666671
1 0.666734375 0.3656875 0.012875000000000015 0.022062499999999947
1 0.636859375 0.3699791666666667 0.017468749999999922 0.025729166666666713
1 0.252203125 0.4490208333333333 0.022062500000000006 0.022062499999999947