0 0.93203125 0.7572916666666667 0.1359375 0.27291666666666664
0 0.21328125 0.7135416666666666 0.134375 0.10625
0 0.3890625 0.703125 0.0859375 0.09791666666666667
1 0.03671875 0.7666666666666667 0.0734375 0.12083333333333333
1 0.181640625 0.7632916666666667 0.07421875 0.1171875
1 0.310546875 0.8895833333333333 0.15625 0.14583333333333334
1 0.33984375 0.8557291666666667 0.140625 0.140625
1 0.333015625 0.7867291666666667 0.044921875 0.06510416666666667
1 0.40528125 0.7945416666666667 0.076171875 0.09635416666666667
1 0.4560625 0.8140625 0.083984375 0.109375
1 0.5078125 0.8362083333333333 0.09765625 0.1015625
1 0.571296875 0.86875 0.107421875 0.15625
5 0.7 0.8364583333333333 0.196875 0.32708333333333334
1 0.8125 0.925 0.1875 0.15
1 0.92421875 0.9197916666666667 0.1515625 0.16041666666666668
1 0.94296875 0.8354166666666667 0.1140625 0.1125
1 0.45703125 0.74375 0.08203125 0.109375
5 0.564453125 0.7398541666666667 0.1015625 0.12239583333333333
5 0.583984375 0.7567708333333333 0.0703125 0.10416666666666667