1 0.95978 0.7158384976525822 0.08044000000000011 0.13944788732394345
1 0.81314 0.08722629107981221 0.06238000000000019 0.055827230046948347
1 0.9894999999999999 0.07568826291079812 0.02098000000000013 0.04621220657276997
0 0.446 0.46263286384976526 0.6136199999999998 0.3305464788732394
5 0.53676 0.10519436619718309 0.22554 0.17340093896713613
5 0.71602 0.060574647887323946 0.09705999999999992 0.12114929577464789
5 0.33599999999999997 0.10140845070422536 0.21702000000000005 0.19737840375586857
5 0.21794000000000002 0.11637183098591548 0.18656000000000006 0.1734610328638498
5 0.030199999999999998 0.1542610328638498 0.05436 0.18151361502347413
5 0.079 0.12769953051643193 0.158 0.18929577464788733
1 0.64258 0.0904112676056338 0.040200000000000104 0.05823098591549297