1 0.7919999999999999 0.10009375000000001 0.076171875 0.073234375
2 0.8793906249999999 0.16723437500000002 0.08757812499999981 0.14484374999999997
2 0.628515625 0.152734375 0.10390625 0.17421875
2 0.6978437500000001 0.12242187499999997 0.10951562499999999 0.08124999999999999
2 0.516015625 0.205859375 0.17265625 0.20546875
2 0.842578125 0.222265625 0.16328125 0.20390625
2 0.708203125 0.226953125 0.13828125 0.21328125
2 0.627609375 0.371484375 0.1375 0.2466093750000001
2 0.284375 0.4078125 0.184375 0.290625
2 0.8671875 0.615625 0.2375 0.396875
2 0.486328125 0.659375 0.24765625 0.421875
2 0.14375 0.69609375 0.284375 0.3890625
1 0.950390625 0.24593750000000003 0.09609375 0.14290624999999993
2 0.515625 0.43579687500000003 0.21179687499999986 0.14514062500000005
2 0.48021874999999997 0.373296875 0.16370312499999998 0.1409843749999999
2 0.053406249999999995 0.48607812499999997 0.10412500000000001 0.16162499999999985
2 0.12720312499999997 0.43139062499999997 0.17443749999999997 0.19128124999999999
2 0.38451562499999997 0.26440625 0.12804687499999995 0.16614062500000001
2 0.287515625 0.31021875 0.135296875 0.11953125
1 0.9435156250000001 0.10371875 0.07824999999999989 0.11359374999999997