5 0.209203125 0.7993796296296296 0.10590104166666665 0.16975000000000004
1 0.09244791666666666 0.9390462962962963 0.07031249999999999 0.08796296296296317
1 0.12847395833333333 0.8132685185185184 0.06076562499999999 0.0925925925925927
1 0.15538020833333333 0.7152777777777778 0.043401041666666675 0.06326851851851845
1 0.8229166666666666 0.6512314814814815 0.038192708333333415 0.05555555555555555
5 0.76171875 0.7291666666666666 0.058161458333333374 0.09413888888888892
1 0.6614583333333333 0.7337962962962962 0.050348958333333374 0.08487962962962972
1 0.46744791666666663 0.6018518518518519 0.046005208333333235 0.07099074074074076
1 0.3046875 0.6391111111111111 0.039932291666666675 0.06481481481481476
1 0.23220312499999998 0.6321666666666667 0.0442708333333333 0.06636111111111123
1 0.18836979166666667 0.6776851851851851 0.045140624999999976 0.07407407407407404
1 0.5338541666666666 0.4984537037037037 0.032984375000000024 0.049379629629629565
1 0.3919270833333333 0.5326296296296297 0.0390625 0.05863888888888877
5 0.482203125 0.46604629629629624 0.04427083333333339 0.10493518518518527
5 0.7406979166666667 0.4305555555555556 0.03645833333333339 0.07804629629629621