5 0.126734375 0.8433611111111111 0.109375 0.1774722222222222
1 0.04600520833333334 0.8418240740740739 0.055557291666666654 0.09722222222222222
1 0.09808854166666667 0.7307129629629628 0.048609374999999976 0.06944444444444445
1 0.13671875 0.6851851851851851 0.046005208333333325 0.08025000000000013
1 0.18402604166666664 0.6419722222222223 0.04166666666666665 0.07407407407407413
1 0.24782812499999998 0.6651203703703703 0.042536458333333284 0.05863888888888877
1 0.4192708333333333 0.6365740740740741 0.05208333333333335 0.07252777777777766
1 0.3450520833333333 0.5462962962962963 0.042536458333333374 0.05863888888888877
1 0.6371510416666666 0.9621944444444444 0.07118229166666676 0.07561111111111118
5 0.7417552083333334 0.6697500000000001 0.058161458333333374 0.09567592592592583
5 0.44618229166666656 0.47145370370370376 0.055557291666666765 0.1064814814814816
1 0.6571197916666667 0.662037037037037 0.04166666666666661 0.08025000000000013
1 0.5 0.5046296296296297 0.034723958333333374 0.05555555555555555
1 0.8032239583333333 0.6067685185185184 0.03396354166666669 0.038574074074074205
5 0.7778333333333334 0.40408333333333335 0.02958854166666658 0.06624074074074066
1 0.701171875 0.420787037037037 0.018338541666666687 0.029490740740740762
1 0.5737291666666666 0.41797222222222224 0.016218749999999994 0.018712962962962997
1 0.7485364583333334 0.42491666666666666 0.017104166666666743 0.024157407407407384
1 0.49487499999999995 0.4145 0.026062499999999923 0.038138888888888785