1 0.3602447916666666 0.6658981481481481 0.053817708333333325 0.08796296296296302
1 0.6276041666666666 0.8418240740740739 0.06944270833333324 0.09722222222222222
4 0.7504322916666666 0.5748425925925926 0.047744791666666765 0.05710185185185187
5 0.41796875 0.46450925925925934 0.0546875 0.12037037037037047
1 0.470484375 0.5092592592592592 0.032984375000000024 0.05555555555555555
1 0.2981770833333333 0.5470648148148148 0.0442708333333333 0.07252777777777766
1 0.17578125 0.7021574074074073 0.04600520833333337 0.06173148148148147
4 0.12921875 0.6504629629629629 0.05208333333333335 0.07252777777777766
1 0.07769270833333333 0.6944444444444444 0.04427083333333333 0.06789814814814805
1 0.03602604166666666 0.7384259259259258 0.051213541666666675 0.06636111111111115
4 0.9427083333333333 0.9583333333333334 0.1101197916666667 0.07804629629629636
5 0.7328854166666667 0.36243518518518514 0.04910937499999992 0.09787962962962966
1 0.48120312499999995 0.3860648148148148 0.02400000000000002 0.031601851851851846
5 0.7783229166666666 0.36849074074074073 0.029984375000000084 0.05935185185185187
4 0.6733385416666666 0.5638055555555554 0.035489583333333206 0.04432407407407402
5 0.5864270833333334 0.36349999999999993 0.025130208333333393 0.04641666666666665
1 0.869140625 0.3923611111111111 0.02641145833333347 0.030296296296296373
1 0.5502916666666666 0.3708796296296296 0.02198958333333323 0.02804629629629621
1 0.6840833333333334 0.38259259259259254 0.026062499999999923 0.03290740740740732
1 0.7084947916666666 0.38173148148148145 0.017640624999999945 0.025990740740740786