1 0.95 0.875 0.1 0.14583333333333334
1 0.27734375 0.7916666666666666 0.15364062499999998 0.1527708333333334
5 0.3580781249999999 0.4183958333333333 0.1484375 0.23958333333333334
1 0.515625 0.5069375 0.125 0.1319375
1 0.0609375 0.5979166666666667 0.121875 0.12916666666666668
1 0.72998046875 0.31005859375 0.057037353515625 0.06195068359375
1 0.564453125 0.30078125 0.07012939453125 0.0689697265625
1 0.496337890625 0.31005859375 0.0751190185546875 0.08404541015625
1 0.8662109375 0.3251953125 0.0627593994140625 0.05517578125
1 0.1572265625 0.3154296875 0.050537109375 0.0341796875
1 0.6201171875 0.34033203125 0.0352020263671875 0.039886474609375
5 0.80615234375 0.2880859375 0.0574951171875 0.0877685546875
1 0.47509765625 0.30078125 0.0309906005859375 0.0537109375
1 0.7666015625 0.3125 0.0395050048828125 0.051483154296875
1 0.365966796875 0.3369140625 0.10308837890625 0.06951904296875