1 0.95546875 0.746875 0.0890625 0.15625
4 0.125 0.8645833333333334 0.15104687500000002 0.1805624999999999
1 0.4127656249999999 0.53125 0.10676562500000002 0.1111041666666667
1 0.2669218750000001 0.4392291666666666 0.16926562499999998 0.2604166666666667
1 0.98515625 0.29791666666666666 0.0296875 0.0625
1 0.6450156249999999 0.2778333333333334 0.06400000000000006 0.07239583333333334
1 0.421625 0.2778333333333334 0.07131249999999997 0.09954166666666664
1 0.494140625 0.2700208333333334 0.07524999999999996 0.07885416666666668
1 0.8193437500000001 0.2895416666666667 0.04715625000000001 0.05370833333333331
1 0.333734375 0.2724583333333333 0.03714062499999997 0.029854166666666664
4 0.7299843750000001 0.2622083333333334 0.06459375000000005 0.09918750000000003
1 0.5629843749999999 0.2856458333333334 0.024375000000000036 0.03566666666666667