1 0.042098958333333325 0.7469166666666667 0.04947916666666665 0.06789814814814797
1 0.08333333333333333 0.7006203703703703 0.04166666666666665 0.07715740740740734
1 0.13020833333333331 0.6566388888888889 0.048609375000000024 0.07252777777777766
1 0.18880208333333331 0.7044722222222223 0.04774479166666663 0.06018518518518516
1 0.3667552083333333 0.6697500000000001 0.056421874999999934 0.08025000000000013
1 0.29947916666666663 0.5586388888888889 0.043401041666666626 0.06173148148148155
5 0.42057291666666663 0.48148148148148145 0.04947916666666665 0.08950925925925933
1 0.467015625 0.5169722222222223 0.032984375000000024 0.05555555555555555
1 0.6167552083333334 0.8958333333333334 0.07378645833333337 0.1064814814814816
1 0.6558177083333334 0.5949074074074073 0.040796875000000024 0.06636111111111123
4 0.7348072916666666 0.6097870370370371 0.051213541666666626 0.08641666666666654
5 0.765625 0.38693518518518516 0.029145833333333294 0.058592592592592516
5 0.043458333333333335 0.8728333333333331 0.08386458333333331 0.22243518518518499
1 0.6689479166666666 0.4049444444444444 0.026109375000000056 0.030194444444444458
5 0.7163072916666666 0.38520370370370366 0.03448437500000008 0.0763888888888889
1 0.6938489583333334 0.40321296296296294 0.018020833333333285 0.02587962962962962
1 0.8784166666666666 0.4173148148148148 0.022718749999999944 0.02804629629629621
1 0.47192187499999994 0.4016944444444444 0.024046874999999978 0.03545370370370367
5 0.5786145833333334 0.38672222222222224 0.030213541666666722 0.045712962962962914
1 0.5439479166666666 0.3930092592592592 0.023421875000000016 0.030194444444444458
1 0.4958489583333333 0.39149074074074075 0.0269166666666667 0.03375000000000009