1 0.1328125 0.859375 0.140625 0.17014583333333325
5 0.27760937499999994 0.4357708333333334 0.16926562499999998 0.2673541666666667
1 0.95546875 0.7604166666666666 0.0890625 0.14583333333333334
1 0.4231718750000001 0.5451458333333332 0.11198437499999998 0.1111041666666667
1 0.9875 0.303125 0.025 0.07708333333333334
5 0.73790625 0.26325000000000004 0.060765624999999976 0.09510416666666664
1 0.6564531250000002 0.2802708333333333 0.06340625000000007 0.07749999999999997
1 0.813203125 0.28791666666666665 0.05812500000000007 0.0669375
4 0.503390625 0.2743333333333334 0.07485937499999995 0.0894166666666667
1 0.4215 0.24416666666666664 0.07017187499999995 0.058229166666666644
1 0.433984375 0.3023958333333333 0.08578124999999996 0.0831666666666667