5 0.04644270833333333 0.8858055555555554 0.09288020833333334 0.1821018518518517
1 0.6128489583333334 0.9029999999999999 0.07465104166666663 0.11419444444444449
5 0.7335052083333332 0.6157407407407407 0.05208333333333339 0.08641666666666654
1 0.6549479166666666 0.5992037037037037 0.047744791666666765 0.06481481481481476
5 0.4192708333333333 0.4722222222222222 0.05729166666666665 0.12037037037037032
1 0.302953125 0.5551203703703703 0.048609374999999934 0.06481481481481476
4 0.36979166666666663 0.6611481481481482 0.06249999999999996 0.07407407407407413
1 0.4678802083333333 0.5122314814814815 0.039932291666666765 0.05400925925925924
1 0.19010416666666666 0.6932314814814815 0.050348958333333284 0.06326851851851845
4 0.13411458333333331 0.6500277777777778 0.04947916666666665 0.06944444444444445
1 0.08246354166666667 0.6940092592592592 0.04340104166666666 0.06481481481481484
1 0.044703124999999996 0.7395277777777778 0.056421874999999996 0.06636111111111115
5 0.7157760416666666 0.3941759259259259 0.035713541666666695 0.08465740740740735
5 0.7652552083333333 0.3941759259259259 0.02901562500000008 0.06349074074074079
1 0.6938489583333334 0.4068981481481481 0.020416666666666573 0.02700925925925917
1 0.47265625 0.40625 0.024046874999999978 0.03366666666666668
1 0.6684583333333334 0.40907407407407403 0.024520833333333235 0.027944444444444452
5 0.580078125 0.3930092592592592 0.03079166666666655 0.0466851851851852
1 0.880859375 0.42165740740740737 0.0316770833333333 0.02804629629629621
1 0.544921875 0.39865740740740735 0.02198958333333323 0.03198148148148145