1 0.2903593750000001 0.7829791666666668 0.16926562499999998 0.1493124999999999
1 0.06875 0.59375 0.1375 0.14166666666666666
5 0.375 0.4305625 0.15104687499999997 0.22916666666666666
1 0.95 0.890625 0.1 0.15625
1 0.5029296875 0.3134765625 0.0708160400390625 0.08197021484375
1 0.5732421875 0.30859375 0.0721435546875 0.0714111328125
1 0.5205078125 0.52734375 0.09503173828125 0.0745849609375
1 0.74609375 0.32177734375 0.06866455078125 0.0638427734375
1 0.166015625 0.322265625 0.0464630126953125 0.034576416015625
1 0.87060546875 0.33251953125 0.074249267578125 0.052093505859375
1 0.48095703125 0.322265625 0.0222930908203125 0.036224365234375
1 0.634765625 0.3310546875 0.02272796630859375 0.0272979736328125