1 0.19828059264678982 0.37727272727272726 0.0717029449423816 0.06969696969696966
1 0.3819279312237059 0.6333333333333333 0.052679714651545646 0.04848484848484844
4 0.80984086336199 0.10161363636363636 0.011721236509968995 0.013484848484848507
5 0.7711944393634536 0.11195454545454546 0.03561002377903796 0.029674242424242436
1 0.7452496798975672 0.13387121212121214 0.021496250228644487 0.018659090909090917
1 0.6533016279495153 0.11037878787878787 0.015635631973660104 0.012590909090909097
1 0.5881543808304371 0.13227272727272726 0.0208597036766051 0.017636363636363672
1 0.5612145600877996 0.14703030303030304 0.0191183464422901 0.01187878787878791
1 0.5102908359246389 0.16322727272727275 0.028505578928114176 0.020515151515151507
1 0.45728187305652096 0.20749242424242423 0.026069142125480234 0.019795454545454543
1 0.37715749039692703 0.26058333333333333 0.026420340223157115 0.024477272727272698
1 0.7984488750685933 0.10015151515151514 0.008033656484360724 0.010113636363636373