4 0.12877263581488935 0.9553030303030303 0.11413938174501553 0.08939393939393933
1 0.38997622096213647 0.4643939393939394 0.04243643680263393 0.03787878787878789
1 0.17120907261752333 0.36515151515151517 0.040973111395646626 0.036363636363636334
1 0.31615145417962326 0.27109848484848487 0.027905615511249326 0.034424242424242496
1 0.4034241814523505 0.1954848484848485 0.03146881287726355 0.018439393939393926
1 0.4696250228644595 0.17120454545454547 0.020186573989390832 0.015371212121212115
1 0.5894055240534114 0.12448484848484848 0.015203950978598764 0.00815909090909089
1 0.5024108286080117 0.15484848484848485 0.018920797512346755 0.014348484848484826
1 0.7741430400585331 0.11253030303030304 0.01338942747393469 0.009984848484848492
1 0.8406145966709347 0.08507575757575757 0.012394366197183034 0.011568181818181837
1 0.8371904152185843 0.05946212121212121 0.008355588073897881 0.006219696969696983
5 0.7972343149807938 0.09474999999999999 0.025044814340589083 0.029924242424242416