1 0.07975123468081215 0.5106060606060606 0.06584964331443204 0.05757575757575761
5 0.4485092372416316 0.225 0.045363087616608774 0.043939393939393945
5 0.7307481251143223 0.1396287878787879 0.026917870861532828 0.02787121212121213
1 0.5304481434058899 0.18225757575757576 0.01477958661057258 0.014757575757575777
1 0.7096323394914944 0.16367424242424244 0.015306383757088015 0.013659090909090862
1 0.5832229742088897 0.15246969696969698 0.01794768611670012 0.009833333333333331
1 0.6162136455094203 0.12979545454545457 0.013191878543991117 0.013659090909090921
1 0.6539528077556246 0.11722727272727274 0.011611487104444812 0.009287878787878779
1 0.7502762026705689 0.12187121212121213 0.010031095664898508 0.00983333333333336
1 0.6734662520578014 0.10790909090909091 0.01192610206694704 0.009636363636363665
1 0.7716992866288641 0.11253030303030304 0.012160234132065038 0.008621212121212125
1 0.7663288823852206 0.12100757575757574 0.01328699469544521 0.012303030303030305
1 0.844521675507591 0.0920378787878788 0.008326321565758162 0.008098484848484855
1 0.7267386134991769 0.09506818181818182 0.009826230107920234 0.004484848484848462