5 0.7236144137552588 0.23712121212121215 0.0482897384305835 0.06818181818181816
1 0.7184927748308031 0.3265151515151515 0.03511980976769717 0.04090909090909089
1 0.5348454362538869 0.19621212121212123 0.02487653191878546 0.02272727272727272
1 0.48951893177245287 0.15836363636363637 0.016242912017559886 0.017750000000000023
0 0.5082421803548564 0.173780303030303 0.023910737150173868 0.03269696969696968
4 0.7033766233766234 0.1574318181818182 0.01985000914578381 0.017750000000000023
1 0.67247119078105 0.17097727272727276 0.017596488019023238 0.015886363636363636
1 0.6756246570331078 0.2099848484848485 0.020303640021949943 0.02102272727272728
1 0.5972269983537589 0.08583333333333334 0.011428571428571328 0.009128787878787896
1 0.7091421254801537 0.09058333333333332 0.011699286628864203 0.009984848484848492
1 0.7164733857691605 0.047 0.009387232485823961 0.00726515151515151
1 0.742374245472837 0.06414393939393939 0.008750685933784573 0.0073181818181818166
1 0.7189171391988294 0.03906060606060606 0.00975306383757093 0.007015151515151515
1 0.7345600877995245 0.05914393939393939 0.009387232485823961 0.007704545454545449
1 0.7555734406438632 0.05658333333333333 0.009460398756173263 0.00848484848484848
1 0.6895920980428023 0.055128787878787874 0.008750685933784573 0.007439393939393938
1 0.6817779403694897 0.051871212121212124 0.009862813243094884 0.008886363636363637
1 0.7511761477958662 0.05265909090909091 0.008860435339308526 0.008037878787878776