5 0.6793341869398207 0.1618030303030303 0.026134991768794604 0.0401060606060606
4 0.15136638009877448 0.6407954545454546 0.0510481068227547 0.05454545454545444
1 0.4155844155844156 0.3212121212121212 0.03511980976769706 0.03333333333333333
1 0.5175635631973661 0.19609090909090907 0.02081580391439552 0.017931818181818156
1 0.5180537772087067 0.14826515151515152 0.0168575086884946 0.015378787878787865
1 0.4772416316078288 0.2125378787878788 0.02091092006584961 0.016939393939393928
1 0.6661349917687946 0.1972272727272727 0.018174501554783184 0.014909090909090908
1 0.4928845802085239 0.1864772727272727 0.02402048655569782 0.020825757575757584
1 0.6969233583318091 0.12100757575757574 0.013038229376257583 0.010909090909090905
1 0.7052350466434973 0.13143939393939394 0.015913663800987684 0.014181818181818191
5 0.6495189317724529 0.09589393939393939 0.018818364733857732 0.017060606060606057
1 0.6900823120541429 0.0853939393939394 0.009679897567221629 0.006371212121212129
1 0.7257581854764953 0.07362878787878788 0.010301810865191156 0.0071287878787878785
1 0.7741430400585331 0.08931818181818182 0.01041887689775004 0.008651515151515129
1 0.7457984269251875 0.06423484848484849 0.009943296140479117 0.006416666666666663
1 0.8352368758002561 0.07115909090909091 0.010177428205597113 0.00791666666666666
1 0.6754197914761295 0.1378939393939394 0.012738247667825213 0.00956818181818182