1 0.33949149442107185 0.4287878787878788 0.03511980976769706 0.04545454545454544
1 0.42167184927748314 0.26142424242424245 0.025161880373148083 0.01886363636363632
1 0.47577830620084144 0.23991666666666667 0.023932687031278658 0.02168181818181818
1 0.47993415035668563 0.1768636363636364 0.018891531004207034 0.01616666666666665
1 0.451830985915493 0.22417424242424244 0.023091274922260766 0.02118939393939397
1 0.6672763855862447 0.18863636363636363 0.014633254069873746 0.016666666666666666
1 0.7062081580391439 0.1214469696969697 0.011655386866654623 0.010371212121212134
1 0.6705322846167918 0.0995 0.01041887689775004 0.006696969696969675
1 0.7115858789098225 0.1315681818181818 0.014464971648070122 0.013916666666666666
5 0.6236180720687763 0.11215151515151514 0.021137735503932678 0.01850000000000002
5 0.6832412657764771 0.15497727272727274 0.02808853118712281 0.0416212121212121
1 0.7834278397658679 0.09153030303030302 0.009570148161697446 0.00842424242424243
1 0.7052350466434973 0.08507575757575757 0.009943296140479117 0.007469696969696956
1 0.7247850740808488 0.07394696969696969 0.010535942930309152 0.00931060606060606
1 0.8464752149259193 0.07103787878787877 0.008384854582037603 0.006416666666666663