6 0.4466145833333333 0.6566342592592592 0.04427083333333339 0.10339351851851843
1 0.39453125 0.596449074074074 0.03559114583333334 0.06944444444444445
1 0.5850703125 0.4591064814814815 0.027778645833333292 0.050925925925926034
4 0.5941848958333333 0.40355092592592584 0.02864583333333339 0.044754629629629665
1 0.4388020833333333 0.40509259259259256 0.0234375 0.03857870370370367
1 0.5169270833333333 0.30092592592592593 0.019966145833333292 0.03394907407407407
5 0.4448802083333333 0.26620370370370366 0.05642447916666669 0.06944444444444445
1 0.30366666666666664 0.2655787037037037 0.01749999999999998 0.02150462962962965
4 0.278703125 0.25940277777777776 0.025734375000000042 0.032023148148148155
1 0.23032291666666665 0.22989351851851852 0.016468750000000032 0.01784259259259263
1 0.19416666666666665 0.22897685185185182 0.01672656250000002 0.01326851851851853
5 0.18490104166666665 0.19398148148148148 0.047609374999999995 0.03385648148148148
5 0.11567708333333333 0.19260648148148146 0.04709375000000001 0.02653703703703706