4 0.8016484374999999 0.8788564814814814 0.08246614583333338 0.16203703703703715
1 0.3880208333333333 0.9081805555555555 0.07117968749999996 0.16203703703703715
1 0.44791666666666663 0.4375 0.029513020833333313 0.06944444444444445
1 0.5034713541666667 0.4351851851851852 0.03125 0.06790277777777776
5 0.5598958333333333 0.2345694444444444 0.0659713541666667 0.10802314814814812
1 0.6458333333333333 0.3063287037037037 0.027778645833333292 0.044754629629629665
1 0.4605026041666666 0.2569444444444444 0.019966145833333292 0.029319444444444384
6 0.41319531249999997 0.2399675925925926 0.03125 0.044754629629629665
1 0.3667526041666666 0.22068055555555555 0.016492187500000012 0.02160648148148149
1 0.32291666666666663 0.16049537037037037 0.015625 0.015430555555555574
5 0.2986119791666667 0.10262499999999998 0.0520833333333333 0.03549537037037038
5 0.24435677083333332 0.09644907407407406 0.0442708333333333 0.03240740740740741