1 0.4340286458333333 0.4976851851851852 0.024304687499999922 0.044754629629629665
1 0.3680546875 0.4375 0.027778645833333383 0.035495370370370455
1 0.43822656249999997 0.40449074074074076 0.01880468749999995 0.025074074074074165
4 0.4575286458333333 0.39701388888888883 0.019302083333333366 0.02243518518518515
1 0.38057291666666665 0.4029537037037037 0.016825520833333395 0.022875000000000038
1 0.33516666666666667 0.39943518518518517 0.01608333333333336 0.016717592592592548
1 0.3983880208333333 0.3624814814814815 0.015341145833333281 0.014958333333333308
5 0.331453125 0.34180555555555553 0.047263020833333426 0.04223148148148148
3 0.30695572916666664 0.3697407407407407 0.00717708333333329 0.013638888888888959
5 0.19888020833333334 0.3338009259259259 0.030023437499999982 0.029861111111111113
5 0.16172916666666665 0.3336064814814815 0.04522395833333337 0.028939814814814783
5 0.08226822916666668 0.2954027777777778 0.04657552083333334 0.027481481481481437
5 0.08094531249999999 0.3133009259259259 0.02318489583333332 0.02350000000000002