5 0.7747395833333333 0.8348749999999998 0.1223958333333334 0.23456944444444458
1 0.7395833333333333 0.9706805555555555 0.05729166666666661 0.05863888888888893
1 0.6796875 0.7947546296296296 0.03992968749999992 0.06481481481481492
4 0.5761927083333334 0.6563055555555555 0.03953906249999992 0.04896296296296312
5 0.41319531249999997 0.690587962962963 0.03472135416666666 0.06327314814814816
1 0.4448776041666666 0.6689814814814814 0.019966145833333292 0.047837962962962874
1 0.4965286458333333 0.6782407407407407 0.024304687499999922 0.050925925925925875
5 0.34175260416666664 0.507824074074074 0.036541666666666736 0.05489814814814811
5 0.26236197916666665 0.4831203703703703 0.047093749999999976 0.0466666666666667
4 0.3203932291666666 0.4620740740740741 0.019557291666666643 0.022875000000000038
1 0.2767734375 0.44812037037037034 0.015182291666666714 0.01784259259259263
5 0.21912760416666668 0.43096759259259254 0.05172656250000003 0.0356851851851851
3 0.44444531249999997 0.5887361111111111 0.015625 0.03240740740740746
5 0.046875 0.4236111111111111 0.045138020833333334 0.03857870370370367