1 0.48307291666666663 0.6373472222222222 0.042533854166666704 0.07716203703703713
1 0.40885416666666663 0.4297824074074074 0.02604166666666665 0.044754629629629665
1 0.5581588541666667 0.2916666666666667 0.022570312500000078 0.03703703703703706
6 0.45757812499999995 0.4605509259259259 0.030382812500000078 0.06790277777777776
1 0.40538281249999997 0.30864351851851846 0.019096354166666663 0.04012500000000006
4 0.6475703125 0.45370370370370366 0.04166666666666661 0.06481481481481476
1 0.6336796874999999 0.5686712962962962 0.04166666666666661 0.07870370370370365
5 0.48350781249999997 0.24922685185185184 0.059028645833333296 0.07561574074074073
5 0.22229947916666665 0.16192129629629626 0.04884635416666665 0.034689814814814826
5 0.15904687499999998 0.1599398148148148 0.04125000000000001 0.0279351851851852
1 0.14195572916666666 0.17961574074074071 0.01571354166666663 0.012805555555555534
1 0.17823177083333333 0.18194444444444444 0.013356770833333309 0.015134259259259292
4 0.24744270833333332 0.2112777777777778 0.02317968749999997 0.024444444444444397
4 0.08830729166666666 0.15480092592592593 0.01733072916666665 0.012962962962962976
3 0.08234114583333332 0.16877314814814814 0.008617187500000002 0.010268518518518495