5 0.6458333333333333 0.28626388888888893 0.0815963541666667 0.16820833333333332
1 0.41319531249999997 0.17129629629629628 0.022570312500000078 0.03703703703703702
1 0.4500859374999999 0.17283796296296294 0.0234375 0.043208333333333356
1 0.46007031249999997 0.32098611111111114 0.03125 0.061726851851851845
1 0.5099817708333333 0.46218981481481486 0.03385416666666661 0.08487500000000002
1 0.7534713541666667 0.43132870370370363 0.03992968749999992 0.07253240740740743
5 0.3768802083333333 0.044425925925925924 0.05173177083333336 0.051439814814814806
5 0.3299713541666666 0.043384259259259254 0.04384114583333334 0.04104629629629629
1 0.36212239583333333 0.0641712962962963 0.018119791666666617 0.021300925925925914
1 0.35203906249999994 0.08755092592592593 0.014906249999999944 0.017148148148148166
6 0.3391796875 0.09898148148148148 0.020749999999999956 0.032736111111111105
1 0.28291666666666665 0.08469444444444443 0.015781249999999948 0.019745370370370354
1 0.22428125 0.05019907407407407 0.01391666666666671 0.015703703703703713
4 0.24689583333333331 0.023550925925925923 0.018466145833333326 0.017606481481481476