1 0.3218098958333333 0.6498240740740739 0.015570312499999961 0.02177314814814824
5 0.6154505208333333 0.7137361111111111 0.0746536458333333 0.10031018518518522
1 0.7113697916666666 0.8827175925925925 0.03385416666666661 0.05246759259259256
1 0.6137161458333333 0.878087962962963 0.029513020833333313 0.04938425925925919
5 0.44921875 0.7692916666666666 0.03732552083333331 0.10031018518518522
1 0.5364583333333333 0.7507731481481481 0.022570312500000078 0.0354953703703703
1 0.6085078125 0.787037037037037 0.03125 0.06172685185185192
1 0.5607630208333333 0.721449074074074 0.024304687499999922 0.03857870370370367
4 0.4603802083333333 0.6537962962962963 0.03563802083333325 0.03550925925925918
5 0.37328385416666665 0.6581018518518518 0.02943749999999996 0.04267129629629633
5 0.3472526041666667 0.667912037037037 0.04083333333333341 0.057222222222222126
5 0.18593229166666667 0.5828842592592592 0.0245260416666667 0.024763888888888787
5 0.10685156249999998 0.5390509259259259 0.04401562499999998 0.02418981481481476
0 0.14516406249999997 0.5677731481481482 0.033614583333333316 0.03148148148148143
5 0.09860677083333333 0.5617222222222221 0.03362239583333333 0.031833333333333436
1 0.17389322916666666 0.5601388888888889 0.01471874999999998 0.009532407407407422