5 0.14578645833333334 0.5034814814814814 0.04452083333333334 0.02607870370370367
5 0.6605911458333333 0.721449074074074 0.07986197916666668 0.128087962962963
1 0.7803828124999999 0.977625 0.04687499999999991 0.04475000000000004
1 0.5815963541666667 0.7847222222222222 0.02604166666666661 0.05401388888888903
1 0.5993932291666667 0.7229953703703703 0.02864583333333339 0.044754629629629665
1 0.6462682291666667 0.8171296296296295 0.03732552083333331 0.057097222222222084
5 0.4197057291666667 0.6666666666666666 0.04079947916666669 0.07716203703703713
4 0.49554947916666664 0.6373796296296296 0.020937499999999963 0.028921296296296202
3 0.5004192708333333 0.8605601851851851 0.015622395833333335 0.04252777777777794
5 0.32998958333333334 0.6046712962962962 0.02807552083333329 0.04634722222222223
1 0.29419791666666667 0.5904722222222222 0.01326822916666659 0.017689814814814832
4 0.22453385416666666 0.5275 0.017757812500000015 0.01372685185185184
1 0.19661197916666664 0.5183472222222223 0.012867187499999998 0.010064814814814662
5 0.14514322916666667 0.5288703703703703 0.02419010416666669 0.02653703703703706
0 0.112203125 0.514 0.03396875000000001 0.029736111111111067
5 0.05352864583333333 0.5096574074074073 0.03345572916666668 0.02287499999999988