1 0.3420833333333333 0.05692592592592592 0.02726562499999998 0.0257037037037037
1 0.28775520833333335 0.08924074074074073 0.021895833333333316 0.046268518518518514
1 0.053817708333333325 0.591824074074074 0.10763541666666665 0.18981481481481477
1 0.24479166666666666 0.27623148148148147 0.06423437500000002 0.10802777777777774
5 0.228734375 0.13194444444444445 0.09461979166666665 0.18363888888888893
1 0.3480885416666667 0.21373148148148147 0.0416666666666667 0.06326851851851853
1 0.302515625 0.15123148148148147 0.0442708333333333 0.06789814814814811
1 0.3363697916666667 0.08178703703703703 0.0234375 0.03703703703703704
1 0.5772552083333332 0.058638888888888886 0.01909895833333337 0.03086111111111111
4 0.5420989583333332 0.05400925925925926 0.02170312499999998 0.03703703703703704
4 0.52159375 0.031212962962962963 0.019416666666666593 0.025703703703703704