1 0.31473437499999996 0.05687962962962963 0.014880208333333301 0.029101851851851837
1 0.3359375 0.09027777777777778 0.029515625000000066 0.04784259259259259
1 0.2513020833333333 0.2270740740740741 0.046005208333333325 0.06789814814814814
1 0.3315989583333333 0.13657407407407407 0.03125 0.050925925925925916
1 0.37109375 0.11574074074074073 0.025171874999999934 0.03086111111111111
5 0.2821197916666666 0.07793518518518518 0.0572916666666667 0.12191666666666667
1 0.5729166666666666 0.08410185185185184 0.032984375000000024 0.041666666666666664
1 0.6236979166666666 0.0933611111111111 0.02517187500000002 0.041666666666666664
1 0.35081770833333337 0.03306481481481481 0.009671874999999996 0.01851851851851851
1 0.35528125 0.05290740740740741 0.015625 0.02910185185185185
4 0.544640625 0.0469537037037037 0.02083333333333339 0.030425925925925926
1 0.51153125 0.05621296296296296 0.01711458333333322 0.022490740740740735
1 0.5190416666666666 0.011759259259259257 0.012723958333333308 0.01923148148148148