4 0.5633697916666667 0.07616666666666667 0.03125 0.050925925925925916
4 0.5151927083333333 0.03009259259259259 0.02170312499999998 0.03549074074074073
1 0.314453125 0.03265740740740741 0.01658854166666659 0.02323148148148148
1 0.33471874999999995 0.011944444444444443 0.013479166666666754 0.021509259259259263
1 0.3325208333333333 0.04131481481481481 0.016098958333333347 0.024805555555555556
1 0.031859375 0.7729999999999999 0.06359895833333332 0.267148148148148
5 0.796875 0.34917592592592595 0.15478645833333332 0.2996944444444445
1 0.4747395833333333 0.007407407407407407 0.011979166666666607 0.014814814814814814
5 0.378125 0.00787037037037037 0.013541666666666697 0.01574074074074074
1 0.45532291666666663 0.007851851851851851 0.012291666666666678 0.014962962962962966
1 0.5 0.00550925925925926 0.0109010416666667 0.01101851851851852