5 0.8046875 0.5069444444444444 0.1371536458333334 0.371912037037037
1 0.5876744791666667 0.8611111111111112 0.1215286458333333 0.20679166666666682
1 0.5460078125 0.23534259259259258 0.04166666666666661 0.08179166666666665
5 0.6085078125 0.3310185185185185 0.0885416666666666 0.22376388888888887
1 0.77734375 0.22839814814814813 0.030382812500000078 0.04938425925925927
5 0.4978307291666667 0.14660648148148148 0.021700520833333313 0.061726851851851845
1 0.5065729166666666 0.1801898148148148 0.020187499999999935 0.027833333333333342
1 0.4515703125 0.15235648148148148 0.016481770833333263 0.02783333333333332
1 0.6400677083333333 0.15638425925925925 0.01854166666666668 0.03003240740740741
1 0.6174062499999999 0.1560185185185185 0.014419270833333364 0.026370370370370388
4 0.03645833333333333 0.07021759259259258 0.07291666666666666 0.06327314814814816
1 0.19748177083333335 0.07561574074074075 0.06510416666666666 0.04629629629629629