0 0.68359375 0.04583333333333333 0.2265625 0.09166666666666666
3 0.55078125 0.30593750000000003 0.0859375 0.29025
1 0.39140625 0.065625 0.1484375 0.13125
1 0.16015625 0.07083333333333333 0.1765625 0.14166666666666666
1 0.36328125 0.25625 0.21614062500000006 0.2916666666666667
1 0.7578125 0.16145833333333334 0.221875 0.3229166666666667
1 0.078125 0.25833333333333336 0.15625 0.375
1 0.7890625 0.5333333333333333 0.276046875 0.3993124999999999
1 0.348953125 0.5940833333333333 0.265625 0.4444375000000001
1 0.28515625 0.8791666666666667 0.4171875 0.24166666666666667
3 0.51796875 0.057291666666666664 0.0390625 0.11458333333333333