1 0.101171875 0.3913333333333333 0.07578125 0.05105555555555554
1 0.6184062499999999 0.757875 0.3810781249999998 0.24383333333333326
1 0.36241406249999997 0.553236111111111 0.1953125 0.15586111111111114
1 0.16753125 0.5702222222222222 0.173609375 0.22068055555555555
1 0.07942968749999998 0.5239166666666667 0.08940624999999999 0.1404305555555556
1 0.029078125 0.4189861111111111 0.056421874999999996 0.09722222222222222
0 0.46171875 0.3277777777777778 0.2453125 0.17777777777777778
6 0.895703125 0.6451388888888889 0.20703125 0.25972222222222224
1 0.779296875 0.8673611111111111 0.44140625 0.2625
5 0.055078125 0.32430555555555557 0.05546875 0.09305555555555556
1 0.143359375 0.3625 0.03671875 0.04722222222222222
1 0.1 0.3548611111111111 0.0359375 0.0375
1 0.012109375 0.3506944444444444 0.02421875 0.04027777777777778
6 0.12153906249999999 0.4315555555555556 0.11012500000000003 0.06377777777777772