1 0.02421875 0.41458333333333336 0.0484375 0.09027777777777778
1 0.0936875 0.42165277777777777 0.09185937500000001 0.06369444444444447
1 0.0171875 0.4930555555555556 0.034375 0.1111111111111111
5 0.052453125 0.3161388888888889 0.06473437499999998 0.10847222222222225
5 0.6983515625 0.6566388888888889 0.3446171874999999 0.3194444444444444
1 0.181859375 0.7739166666666667 0.31684375 0.2916666666666667
1 0.35503125 0.6790138888888889 0.203125 0.21913888888888886
1 0.259984375 0.5331805555555555 0.1553828125 0.14661111111111103
1 0.095921875 0.5370416666666666 0.14496875 0.18209722222222224
1 0.1312265625 0.3645833333333333 0.033203125 0.040930555555555595
1 0.090390625 0.35633333333333334 0.03338281249999999 0.03113888888888883
1 0.9680937500000001 0.932125 0.06381249999999987 0.13573611111111114
1 0.0570703125 0.4116805555555556 0.035734375000000006 0.05063888888888894