6 0.62596875 0.4387916666666667 0.03718749999999993 0.05650000000000001
6 0.65234375 0.45083333333333336 0.04271875000000005 0.059708333333333384
6 0.5935312500000001 0.541875 0.09612499999999997 0.12420833333333334
3 0.34115625 0.7797083333333333 0.06665625000000004 0.18983333333333335
3 0.1170625 0.8667083333333333 0.08040625000000001 0.2087500000000001
3 0.2479375 0.8858750000000001 0.11134374999999999 0.22820833333333326
1 0.05071874999999999 0.7083333333333334 0.10034375 0.1554166666666667
6 0.2939375 0.578125 0.11296875000000002 0.1169583333333333
1 0.2736875 0.6302083333333334 0.11737500000000001 0.11245833333333337
5 0.53725 0.4723333333333333 0.06218749999999993 0.10774999999999994
6 0.708 0.5514166666666667 0.11181249999999991 0.13125
3 0.43578124999999995 0.6057916666666666 0.043624999999999935 0.11183333333333323
6 0.45509374999999996 0.5208333333333334 0.07878124999999994 0.09862500000000006
3 0.49584374999999997 0.5719583333333333 0.03615624999999998 0.09895833333333333
6 0.8198124999999999 0.44075000000000003 0.05059375000000017 0.07483333333333336
3 0.5805625 0.80925 0.07478125000000002 0.21729166666666658
6 0.76221875 0.47104166666666664 0.060968749999999974 0.06812499999999998
6 0.68946875 0.4592916666666667 0.05728124999999995 0.061166666666666696
3 0.8364375000000001 0.5355000000000001 0.03475000000000002 0.08262499999999993
6 0.73778125 0.4349166666666667 0.04612499999999997 0.06241666666666663