1 0.64696875 0.458 0.04346875000000008 0.07429166666666671
6 0.56446875 0.5632916666666666 0.1140625 0.14345833333333335
6 0.7085 0.5511250000000001 0.11796875 0.13216666666666654
6 0.484375 0.5100833333333333 0.07018749999999993 0.09187500000000005
6 0.3564375 0.5553333333333333 0.10228125000000006 0.10970833333333327
6 0.671375 0.4795 0.06178124999999994 0.09108333333333327
6 0.8203125 0.4404166666666667 0.060218749999999946 0.07470833333333336
3 0.46053125 0.6145833333333334 0.04412500000000001 0.12899999999999992
6 0.7524375 0.476875 0.07709375000000004 0.071875
6 0.13671875 0.657875 0.14612499999999998 0.14550000000000007
3 0.23912499999999998 0.8707499999999999 0.06740624999999997 0.23825000000000002
6 0.7373125 0.4313333333333333 0.06706249999999994 0.05425000000000004
3 0.37634375000000003 0.6617083333333333 0.04903124999999999 0.1477916666666668
1 0.32915625 0.5965416666666666 0.07915625000000004 0.10137499999999994