6 0.53878125 0.5884583333333333 0.10924999999999993 0.1466666666666666
6 0.69903125 0.5477500000000001 0.10199999999999995 0.12954166666666656
5 0.0885 0.6569166666666667 0.17296875000000003 0.2708333333333333
3 0.41084375 0.6730833333333333 0.05150000000000006 0.12166666666666662
3 0.2799375 0.7382916666666667 0.05884375000000004 0.1490833333333332
1 0.21837499999999999 0.620125 0.12378125000000004 0.1258333333333333
3 0.07715625000000001 0.9309999999999999 0.09771875000000001 0.12987500000000007
1 0.38959375000000007 0.5704583333333333 0.08868749999999999 0.09137500000000003
6 0.40843749999999995 0.5315833333333333 0.08978125000000006 0.09775000000000003
1 0.50440625 0.4977083333333333 0.05890625000000007 0.08562500000000005
6 0.64696875 0.4912083333333334 0.0680625000000001 0.09845833333333331
6 0.81934375 0.44204166666666667 0.058656249999999945 0.07666666666666669
6 0.7262500000000001 0.47375 0.060843749999999905 0.04541666666666669
6 0.729 0.4345833333333333 0.06396874999999991 0.04895833333333333
6 0.8286250000000001 0.38966666666666666 0.0390625 0.03487500000000002