1 0.556953125 0.5137916666666666 0.097859375 0.08895833333333338
5 0.6885468750000001 0.45941666666666664 0.11935937499999998 0.17002083333333337
1 0.98671875 0.53125 0.0265625 0.125
1 0.7015625 0.9208333333333333 0.2 0.15833333333333333
1 0.72265625 0.5138958333333332 0.1015625 0.1319375
5 0.3984375 0.6267291666666668 0.22917187499999994 0.3923541666666667
6 0.1484375 0.9229166666666667 0.2375 0.15416666666666667
1 0.0203125 0.865625 0.040625 0.21875
3 0.2514843750000001 0.5340625 0.05337499999999995 0.1334583333333333
5 0.604765625 0.2204583333333333 0.06510937499999994 0.0814791666666667
1 0.5524374999999999 0.26018749999999996 0.046578124999999915 0.04741666666666665
1 0.4445 0.29191666666666666 0.04907812499999995 0.0480833333333333
1 0.49809374999999995 0.3212916666666667 0.05109375000000007 0.052083333333333336
1 0.417203125 0.31795833333333334 0.07062500000000002 0.06679166666666667
1 0.29173437500000005 0.3607083333333333 0.05910937499999998 0.0814791666666667
1 0.33481249999999996 0.3957708333333334 0.08615624999999998 0.09150000000000004