1 0.8254531249999999 0.5023541666666667 0.06362500000000004 0.06020833333333329
1 0.4102656250000001 0.35437500000000005 0.05660937500000003 0.05689583333333334
1 0.36020312499999996 0.31954166666666667 0.07837499999999994 0.06849999999999999
5 0.484375 0.4722291666666666 0.16667187499999994 0.22222916666666664
1 0.2669218750000001 0.6197916666666666 0.1484375 0.1493124999999999
1 0.740625 0.8739583333333333 0.190625 0.2520833333333333
1 0.3984375 0.7222291666666666 0.19270312500000003 0.1944375000000001
1 0.5598906250000001 0.5989583333333334 0.125 0.1493125
1 0.9140625 0.5607708333333332 0.11457812499999989 0.12847916666666664
1 0.2589218750000001 0.3779791666666667 0.08482812500000003 0.0892916666666667
1 0.3582656249999999 0.3794583333333333 0.05579687499999997 0.07439583333333329
5 0.5870468750000001 0.22618749999999999 0.08035937499999993 0.10714583333333334
1 0.6793437499999999 0.5320208333333334 0.09143749999999998 0.11031250000000004