1 0.8411406249999999 0.671875 0.140625 0.19791666666666666
1 0.4947968749999999 0.6579791666666668 0.13542187499999994 0.1493124999999999
1 0.28125 0.6180625 0.140625 0.13889583333333325
1 0.60986328125 0.5595703125 0.1124267578125 0.11614990234375
1 0.24951171875 0.3876953125 0.0783233642578125 0.07666015625
1 0.73583984375 0.51953125 0.0738372802734375 0.0703125
1 0.316162109375 0.3486328125 0.06646728515625 0.06768798828125
1 0.3740234375 0.333984375 0.0714569091796875 0.066650390625
1 0.92919921875 0.525390625 0.053741455078125 0.03912353515625
1 0.53515625 0.513671875 0.10546875 0.0965576171875
1 0.66845703125 0.5087890625 0.070404052734375 0.078125
1 0.435546875 0.3125 0.047332763671875 0.052093505859375
1 0.8310546875 0.5341796875 0.04998779296875 0.0386962890625
1 0.59375 0.2421875 0.04090118408203125 0.045166015625
5 0.4677734375 0.259765625 0.0908203125 0.121337890625
1 0.2744140625 0.28955078125 0.05584716796875 0.0628662109375
1 0.35791015625 0.27685546875 0.0642242431640625 0.059356689453125
1 0.634765625 0.24560546875 0.0337371826171875 0.04730224609375