1 0.73046875 0.8125 0.17448437500000002 0.3194375000000001
1 0.8372343749999999 0.6649375 0.1171875 0.15625
1 0.53515625 0.6197916666666666 0.1328125 0.14235416666666675
1 0.9671875 0.5666666666666667 0.065625 0.12916666666666668
1 0.3919218750000001 0.7552083333333334 0.1484375 0.17708333333333334
1 0.4518281249999999 0.5433958333333334 0.11198437499999998 0.1423541666666667
1 0.34765625 0.5295208333333332 0.1015625 0.11458333333333333
3 0.9089218750000001 0.7089374999999999 0.057546874999999886 0.13962499999999997
3 0.9065625 0.7818749999999999 0.0584843750000001 0.18993749999999993
1 0.5600625000000001 0.5244166666666668 0.09576562499999994 0.10991666666666665
1 0.265625 0.3711041666666667 0.07131249999999997 0.07872916666666671
1 0.22168749999999998 0.38575000000000004 0.05332812499999999 0.0859375
1 0.5498125 0.2963958333333333 0.06421875000000003 0.05249999999999998
1 0.740234375 0.5234375 0.06971875000000001 0.07056250000000001
1 0.587890625 0.24120833333333327 0.04751562499999995 0.0453125
1 0.4838906250000001 0.3168958333333334 0.048484374999999955 0.05331249999999995
5 0.8676718749999999 0.4638749999999999 0.10043749999999996 0.15795833333333326
1 0.6259843750000001 0.2509791666666667 0.04435937499999998 0.039437500000000014
3 0.40821874999999996 0.34833333333333333 0.027749999999999986 0.05933333333333337
3 0.43420312499999997 0.3233541666666666 0.02517187500000002 0.0652708333333333