1 0.24658333333333332 0.4913240740740741 0.03860416666666664 0.04031481481481478
1 0.2230208333333333 0.5130185185185184 0.05117708333333333 0.04961111111111099
1 0.3472239583333333 0.8047870370370369 0.09027604166666663 0.13425925925925936
1 0.5568593749999999 0.806324074074074 0.08420312499999998 0.131175925925926
1 0.14149479166666667 0.7129629629629629 0.08680729166666663 0.10185185185185183
1 0.064234375 0.9375 0.12326562499999998 0.125
1 0.704859375 0.6651203703703703 0.059026041666666626 0.08333333333333333
1 0.7999114583333332 0.6451666666666667 0.0598958333333333 0.09259259259259255
1 0.7864583333333333 0.5686759259259259 0.04340104166666654 0.07562037037037043
1 0.708765625 0.5686759259259259 0.047744791666666765 0.07252777777777766
1 0.607203125 0.584212962962963 0.04947916666666661 0.08487962962962964
6 0.64446875 0.5100277777777779 0.037328124999999976 0.07562037037037043
6 0.7217864583333332 0.5115740740740741 0.040796875000000024 0.06636111111111123
1 0.4270833333333333 0.5555555555555556 0.048609375000000024 0.06481481481481476
1 0.306421875 0.5802499999999999 0.0416666666666667 0.07407407407407413
1 0.2651927083333333 0.529324074074074 0.046005208333333325 0.052472222222222344
1 0.9432760416666666 0.44637037037037036 0.03477083333333333 0.05319444444444454
5 0.5731302083333334 0.479324074074074 0.058286458333333256 0.10668518518518526
1 0.5260729166666666 0.5061851851851851 0.03324479166666663 0.05602777777777782
1 0.40112499999999995 0.6458333333333334 0.06143229166666671 0.09456481481481487
1 0.775390625 0.5099814814814814 0.03192187499999992 0.040851851851851806
1 0.8740260416666666 0.40625 0.016020833333333328 0.021268518518518596
5 0.4145520833333333 0.4279537037037037 0.037473958333333356 0.07872222222222215
1 0.66796875 0.5073796296296297 0.023817708333333344 0.04383333333333326
1 0.01709895833333333 0.5091111111111111 0.034192708333333335 0.05311111111111096
1 0.4860833333333333 0.4275185185185185 0.023239583333333334 0.030898148148148154
1 0.8154322916666666 0.3878055555555555 0.01858333333333313 0.025990740740740786
1 0.45922916666666663 0.4448796296296296 0.02418750000000003 0.03100925925925932
3 0.8818385416666666 0.4194907407407407 0.007723958333333414 0.02279629629629625
6 0.5571302083333334 0.3708796296296296 0.012869791666666686 0.018148148148148222
3 0.8525416666666666 0.40863888888888883 0.006770833333333215 0.021101851851851764
1 0.8544947916666666 0.3891018518518518 0.015541666666666742 0.021509259259259277
1 0.837890625 0.3860648148148148 0.016526041666666557 0.025481481481481518
1 0.5434583333333334 0.38281481481481483 0.013374999999999915 0.02077777777777783
1 0.5180677083333334 0.3906296296296296 0.013124999999999965 0.02159259259259269
1 0.9541041666666666 0.4157962962962963 0.022291666666666644 0.028944444444444488
1 0.4555677083333333 0.3995185185185185 0.0238645833333333 0.02804629629629621
3 0.909796875 0.6358518518518519 0.016083333333333272 0.06459259259259259
3 0.6880208333333333 0.504462962962963 0.010770833333333308 0.0514629629629629
3 0.6997083333333334 0.5040185185185185 0.010697916666666706 0.04832407407407418