5 0.49535937499999994 0.6165925925925925 0.04379166666666663 0.10502777777777779
6 0.46744791666666663 0.6766944444444445 0.04947916666666661 0.08796296296296294
6 0.5494791666666666 0.6412037037037036 0.02951562499999998 0.06326851851851845
1 0.41449479166666664 0.7746944444444444 0.09288020833333328 0.12654629629629646
5 0.8978281249999999 0.6317777777777778 0.13982291666666669 0.12198148148148154
5 0.816265625 0.6294814814814815 0.11004166666666677 0.10126851851851863
3 0.8072031249999998 0.6628518518518518 0.029776041666666676 0.05984259259259248
1 0.5390416666666666 0.6075648148148147 0.010380208333333307 0.02103703703703701
1 0.5561510416666666 0.6037314814814814 0.01036979166666665 0.01787962962962963
5 0.7277239583333334 0.6176481481481481 0.03402604166666663 0.04415740740740751
1 0.7059947916666667 0.6281111111111112 0.024609375 0.04004629629629635