5 0.3246510416666667 0.6674351851851851 0.18923437499999993 0.18673148148148147
1 0.3168385416666667 0.8047870370370369 0.16145833333333331 0.1774722222222222
1 0.48144791666666664 0.6176203703703703 0.017640624999999945 0.028481481481481472
1 0.7099635416666666 0.5972222222222222 0.015130208333333428 0.02167592592592595
5 0.7318645833333333 0.6114999999999999 0.030557291666666764 0.06179629629629631
0 0.46868229166666664 0.5931666666666666 0.015281249999999958 0.041425925925925984
1 0.653140625 0.5892037037037038 0.012109375 0.018472222222222317
1 0.6840833333333334 0.5855 0.014505208333333287 0.016222222222222152
1 0.6787135416666666 0.5985277777777777 0.01252604166666682 0.01660185185185191
1 0.54296875 0.596787037037037 0.010526041666666685 0.013787037037037129
1 0.51171875 0.5898425925925925 0.007177083333333378 0.010472222222222171