5 0.7265052083333334 0.6047962962962962 0.04127083333333328 0.04337962962962949
5 0.495421875 0.6097962962962963 0.03208333333333328 0.06519444444444453
5 0.3871510416666667 0.7152777777777778 0.18923437499999993 0.3163611111111111
1 0.5572916666666666 0.6311759259259259 0.02951562499999998 0.052472222222222344
1 0.603296875 0.6365740740740741 0.03125 0.05400925925925924
1 0.5151927083333333 0.6350277777777779 0.0234375 0.04474999999999988
1 0.923828125 0.6831574074074074 0.0972291666666667 0.06510185185185186
1 0.7563489583333334 0.6397592592592592 0.02908333333333335 0.03916666666666657
1 0.7080104166666666 0.6184907407407407 0.016526041666666734 0.026694444444444323
1 0.5454114583333334 0.5963518518518518 0.0073489583333334 0.012962962962963016
1 0.529296875 0.5976574074074074 0.011869791666666707 0.013574074074074202