6 0.30156698846699576 0.7557732680195941 0.18094019308019746 0.2029391182645206
1 0.8061117576329312 0.40587823652904126 0.12758603358219064 0.1119664100769769
1 0.7179614071579631 0.22918124562631212 0.07655162014931438 0.0769769069279216
1 0.5022250231008045 0.23880335899230232 0.06263314375852985 0.054233729881035704
1 0.38739759287683306 0.25892232330300907 0.06495288982366064 0.05598320503848845
5 0.40131606926761754 0.137333799860042 0.04175542917235334 0.0577326801959412
1 0.6216919454550375 0.16707487753673897 0.0510344134328762 0.054233729881035704
1 0.4929460388402816 0.1364590622813156 0.03943568310722254 0.03498950314905529
1 0.9751381215469613 0.43125 0.049723756906077346 0.11666666666666667
1 0.9806629834254144 0.803125 0.03867403314917127 0.12708333333333333
1 0.6785257240507406 0.1408327501749475 0.03943568310722254 0.036738978306508054
5 0.4414337577179885 0.08340447865640307 0.035496754288630604 0.04245276417074877
1 0.621469249832785 0.09761021693491953 0.03495857320152015 0.02131560531840447
1 0.5972974958341227 0.06451014695591323 0.029753063031366846 0.025804758572428275