1 0.4788125000000001 0.2947916666666667 0.06531249999999993 0.0733333333333333
1 0.40031250000000007 0.17637500000000006 0.04812499999999997 0.08097916666666667
5 0.30445312500000005 0.16072916666666662 0.154484375 0.1793333333333333
1 0.7890625 0.909375 0.221875 0.18125
1 0.4075468750000001 0.8055625 0.2109375 0.2430624999999999
5 0.84375 0.2881875 0.140625 0.2569375
1 0.05390625 0.7197916666666667 0.1078125 0.21041666666666667
1 0.14601562500000007 0.5701458333333332 0.14928125000000003 0.14552083333333338
1 0.02265625 0.41354166666666664 0.0453125 0.12708333333333333
1 0.32325 0.4488750000000001 0.12545312500000003 0.12377083333333326
1 0.24889062499999995 0.3421875 0.10914062500000002 0.11375000000000005
1 0.12029687500000001 0.32760416666666664 0.11290624999999999 0.13214583333333335
1 0.416984375 0.3455416666666667 0.08907812499999998 0.1003541666666667
1 0.35106249999999994 0.2686041666666667 0.08256250000000005 0.09322916666666667
1 0.21656250000000005 0.2894791666666666 0.087890625 0.07102083333333337
5 0.96328125 0.04583333333333333 0.0515625 0.09166666666666666
1 0.967546875 0.13818749999999996 0.06187499999999986 0.05347916666666668
1 0.797953125 0.13589583333333338 0.04812499999999993 0.042770833333333334
1 0.8667031250000001 0.15499999999999994 0.05042187499999997 0.04125000000000002
1 0.8873281250000001 0.0854791666666666 0.0297968749999999 0.03666666666666665
5 0.57734375 0.04583333333333333 0.0609375 0.09166666666666666
1 0.6444062500000001 0.08699999999999998 0.03207812499999996 0.04889583333333333
1 0.70628125 0.10075000000000003 0.03207812499999996 0.05195833333333333
1 0.6713281250000002 0.12289583333333336 0.04468750000000003 0.05654166666666665
1 0.6191875 0.1091458333333333 0.03207812499999996 0.03514583333333334
1 0.594546875 0.12672916666666664 0.04240624999999998 0.05195833333333333
1 0.5338125 0.11143750000000002 0.04468750000000003 0.03666666666666665
1 0.553875 0.15574999999999997 0.04812499999999993 0.04583333333333333
1 0.498296875 0.13360416666666666 0.04468750000000003 0.04737500000000001
1 0.45417187499999995 0.14583333333333334 0.05042187499999997 0.044312500000000005
1 0.5091875 0.18783333333333338 0.04812499999999993 0.05195833333333333
1 0.43640624999999994 0.2183958333333333 0.06760937499999997 0.06416666666666669
1 0.6209062500000002 0.18631250000000002 0.04468750000000003 0.061125000000000006
1 0.571625 0.2206875 0.04010937499999993 0.06264583333333332
1 0.534390625 0.2543125 0.057296874999999935 0.06875
1 0.8563906249999998 0.024354166666666663 0.022921875000000112 0.024437500000000004
1 0.6747656249999998 0.06560416666666669 0.028640625000000065 0.030562500000000003