1 0.0296875 0.7864583333333334 0.059375 0.3229166666666667
1 0.3670781249999999 0.41606249999999995 0.12745312499999994 0.11968749999999997
1 0.20693750000000008 0.3924166666666667 0.11970312500000002 0.12264583333333334
1 0.17756249999999998 0.3015416666666667 0.10528124999999999 0.09162500000000001
1 0.35765624999999995 0.28454166666666664 0.09087499999999996 0.08127083333333332
1 0.2734375 0.2476041666666667 0.07979687499999999 0.08718750000000001
1 0.365421875 0.2017916666666667 0.07757812499999997 0.07831250000000001
1 0.450203125 0.22468750000000004 0.06982812500000009 0.07389583333333333
1 0.5471718750000001 0.23060416666666667 0.06428124999999998 0.07093750000000003
1 0.8286874999999998 0.3754166666666666 0.09087500000000004 0.1004791666666667
1 0.97734375 0.265625 0.0453125 0.09375
5 0.96640625 0.13854166666666667 0.0671875 0.15208333333333332
1 0.7982031249999999 0.1419375 0.054312499999999986 0.05910416666666667
1 0.6670000000000001 0.12987499999999993 0.055625000000000036 0.054354166666666676
1 0.443609375 0.16162499999999996 0.07301562500000003 0.06537499999999999
1 0.423828125 0.3325208333333334 0.09740625000000006 0.09770833333333329
1 0.48021875 0.1332916666666667 0.06170312500000001 0.05981250000000002
1 0.6025468750000001 0.17870833333333327 0.06065625000000008 0.06897916666666669
1 0.91015625 0.11766666666666671 0.04523437500000007 0.0453125
1 0.5043906249999999 0.17870833333333327 0.06335937499999993 0.06635416666666666
1 0.81640625 0.1015625 0.040281249999999956 0.04820833333333333
1 0.8896562500000001 0.07764583333333329 0.03949999999999996 0.04820833333333333
1 0.716796875 0.09131249999999996 0.046812500000000055 0.047666666666666656
1 0.590828125 0.11522916666666667 0.04523437500000007 0.053312500000000006
1 0.6245156250000001 0.09422916666666671 0.04806249999999999 0.05625
1 0.5805624999999999 0.08447916666666669 0.04609375 0.043937500000000004
6 0.5454062499999999 0.1342708333333333 0.07228124999999999 0.07964583333333332
6 0.58496875 0.046395833333333296 0.051125000000000045 0.054145833333333324
1 0.6670000000000001 0.07227083333333333 0.05214062500000001 0.051687500000000004
1 0.9390625 0.00625 0.03125 0.0125
1 0.7578125 0.046395833333333296 0.038171874999999925 0.04037499999999999
1 0.73515625 0.010416666666666666 0.0390625 0.020833333333333332
1 0.90625 0.015625 0.05 0.03125
1 0.8625 0.016666666666666666 0.06875 0.03333333333333333
1 0.9015625 0.004166666666666667 0.03125 0.008333333333333333
1 0.78125 0.047854166666666725 0.050765625000000016 0.04895833333333333
1 0.6962968750000001 0.028812499999999967 0.05373437499999998 0.04620833333333333
1 0.82421875 0.005208333333333333 0.0265625 0.010416666666666666