1 0.66015625 0.940625 0.2546875 0.11875
1 0.67578125 0.4131875 0.13801562500000006 0.14583333333333334
1 0.8645781249999999 0.23264583333333336 0.09375 0.0972291666666667
1 0.9640625 0.29583333333333334 0.071875 0.12083333333333333
1 0.08984375 0.6708333333333333 0.1796875 0.25416666666666665
1 0.2643281249999999 0.4878541666666666 0.1953125 0.19097916666666664
1 0.17839062499999994 0.3993125 0.1328125 0.13193749999999996
1 0.4622343750000001 0.3298541666666666 0.11198437499999994 0.125
1 0.86171875 0.0125 0.0234375 0.025
1 0.843 0.03583333333333331 0.03223437500000017 0.04012500000000001
1 0.8223749999999999 0.07710416666666665 0.03825000000000003 0.045854166666666675
5 0.90078125 0.020833333333333332 0.0359375 0.041666666666666664
1 0.8881406250000001 0.047875000000000036 0.02965625000000003 0.04012500000000001
1 0.89565625 0.0736666666666667 0.036968750000000127 0.04356249999999999
1 0.9478906250000001 0.048729166666666636 0.03137499999999989 0.052145833333333336
1 0.95540625 0.09370833333333337 0.04728124999999998 0.05845833333333334
1 0.765578125 0.19666666666666663 0.08823437500000005 0.11314583333333333
0 0.6822187499999999 0.04624999999999998 0.06607812499999995 0.07512500000000001
1 0.640296875 0.04581250000000002 0.025156250000000036 0.04383333333333332
1 0.58109375 0.0762083333333333 0.04226562499999993 0.045625000000000006
1 0.61278125 0.06122916666666664 0.027171874999999977 0.045166666666666674
1 0.7092187500000001 0.08829166666666666 0.041593750000000006 0.045625000000000006
1 0.638609375 0.07577083333333334 0.03790624999999999 0.04383333333333332
1 0.6672968749999999 0.11758333333333333 0.03890624999999996 0.05589583333333332
1 0.641125 0.14262499999999995 0.053671875000000036 0.06572916666666667
1 0.5926562499999999 0.11668749999999999 0.047296874999999974 0.05947916666666667
1 0.5371406249999999 0.10091666666666667 0.051750000000000004 0.06806250000000001
1 0.499375 0.11162499999999996 0.04895312500000006 0.07272916666666666
1 0.5402812499999999 0.14754166666666665 0.062234375000000064 0.06247916666666667
1 0.48782812500000006 0.1764375 0.046859375000000016 0.07552083333333333
1 0.4329375000000001 0.14472916666666671 0.06853125000000002 0.07179166666666668
1 0.5766562499999999 0.19647916666666668 0.05804687499999996 0.07087500000000002
1 0.43782812500000007 0.20860416666666665 0.07132812499999996 0.08579166666666668
1 0.538890625 0.22864583333333333 0.07064062500000005 0.09977083333333331
1 0.33782812500000003 0.21187499999999998 0.07692187500000003 0.07739583333333334
1 0.3350468749999999 0.29391666666666666 0.12164062500000003 0.12214583333333333
6 0.24451562500000001 0.24870833333333334 0.11259375 0.12868749999999998