1 0.5390625 0.6614583333333334 0.171875 0.1909791666666666
1 0.07578125 0.70625 0.1515625 0.20416666666666666
1 0.2890625 0.49229166666666657 0.13203125 0.13722916666666668
1 0.12545312499999994 0.4473333333333334 0.12990624999999997 0.15899999999999997
1 0.02265625 0.39479166666666665 0.0453125 0.12708333333333333
1 0.24009374999999994 0.3607291666666666 0.11782812499999998 0.1202083333333333
1 0.3863125 0.3545833333333333 0.11500000000000003 0.11925000000000002
1 0.19110937499999991 0.2854791666666666 0.10931249999999997 0.1003333333333333
1 0.35401562500000006 0.2859583333333333 0.09156250000000003 0.08422916666666667
1 0.27699999999999997 0.2552083333333333 0.06956249999999997 0.07193749999999997
1 0.45304687500000007 0.2977916666666667 0.07240625000000005 0.09464583333333335
1 0.8391093749999999 0.3714166666666666 0.09968749999999993 0.11224999999999999
1 0.7213281250000001 0.3025 0.07237500000000008 0.09256250000000002
1 0.97421875 0.19895833333333332 0.0515625 0.06458333333333334
1 0.7863125 0.165625 0.051687499999999977 0.06302083333333333
5 0.3602187499999999 0.17006249999999998 0.11815625 0.14670833333333336
5 0.48754687499999994 0.10985416666666671 0.07818749999999994 0.08087499999999999