5 0.6840468749999999 0.04622916666666666 0.04129687499999992 0.06514583333333332
1 0.6396562500000001 0.050833333333333286 0.028218749999999914 0.033958333333333326
1 0.610078125 0.06366666666666668 0.04060937500000002 0.04129166666666666
1 0.592859375 0.08477083333333332 0.03371875000000006 0.03579166666666668
1 0.6458593749999999 0.08064583333333329 0.028218749999999914 0.03487499999999999
1 0.704703125 0.08752083333333331 0.02890625 0.03579166666666668
1 0.6878437500000001 0.10725000000000004 0.03785937500000003 0.060562499999999984
1 0.66753125 0.12010416666666662 0.04679687500000007 0.053229166666666675
1 0.620734375 0.10358333333333339 0.03165624999999998 0.04037499999999999
1 0.59665625 0.1159791666666667 0.030281249999999992 0.04129166666666665
1 0.557765625 0.08522916666666672 0.032343750000000074 0.03487499999999999
1 0.5770312499999999 0.13616666666666669 0.04610937499999999 0.05597916666666668
1 0.528515625 0.10954166666666663 0.03715624999999996 0.037625000000000006
1 0.59940625 0.18937499999999996 0.060562499999999984 0.0688125
1 0.57565625 0.2137083333333333 0.05987500000000008 0.05872916666666666
1 0.5254218749999999 0.16460416666666663 0.04473437499999999 0.06514583333333333
5 0.444546875 0.17047916666666663 0.1269375 0.1918125
1 0.30237499999999995 0.224625 0.10662500000000001 0.11508333333333336
1 0.34721875 0.28668750000000004 0.09139062500000002 0.10831250000000002
1 0.1356562500000001 0.32279166666666664 0.128625 0.13991666666666663
1 0.15004687499999997 0.4141875 0.14385937499999998 0.12412499999999997
1 0.5846406249999999 0.5677083333333334 0.15364062500000006 0.1701458333333333
1 0.07265625 0.7114583333333333 0.1453125 0.22291666666666668
1 0.28375000000000006 0.48189583333333325 0.14385937499999998 0.1602291666666666
1 0.44115625 0.3250624999999999 0.09309375000000002 0.10831250000000002
1 0.821125 0.34310416666666665 0.10154687500000001 0.11283333333333327
1 0.97421875 0.25416666666666665 0.0515625 0.0875
1 0.8576093749999998 0.23997916666666666 0.06842187499999994 0.07912500000000001
1 0.7162343750000002 0.2768125 0.08078125000000007 0.09122916666666668
1 0.5223281249999999 0.2669166666666667 0.06193749999999998 0.09727083333333333
4 0.7666406250000002 0.17745833333333336 0.06882812499999993 0.08716666666666667
1 0.8161874999999998 0.11277083333333332 0.03854687500000002 0.03120833333333334
1 0.8743437499999999 0.14395833333333338 0.05160937499999996 0.053229166666666675
1 0.8987812500000001 0.07972916666666663 0.039921874999999926 0.03487499999999999
1 0.6513593749999999 0.14624999999999996 0.04473437499999999 0.04862500000000001