1 0.7473906249999999 0.7899375 0.19270312499999998 0.2534791666666666
1 0.6315156250000001 0.4496458333333334 0.10676562500000006 0.1215208333333333
1 0.7317656249999999 0.28125 0.10417187499999994 0.11110416666666663
1 0.19401562499999994 0.5607708333333332 0.16926562499999998 0.1631875
1 0.20442187500000006 0.3871458333333333 0.14323437500000002 0.1215208333333333
1 0.34375 0.421875 0.125 0.1284791666666667
1 0.4674531249999999 0.3072916666666667 0.1015625 0.10068749999999997
1 0.36328125 0.28125 0.1015625 0.0972291666666667
1 0.96328125 0.20833333333333334 0.0734375 0.07916666666666666
1 0.2747343750000001 0.24479166666666666 0.0859375 0.09375
1 0.4364218749999999 0.2294583333333333 0.06659375000000001 0.07520833333333335
1 0.39332812500000003 0.133875 0.17940624999999993 0.1995208333333333
1 0.8112812500000001 0.10725000000000004 0.042312499999999975 0.05222916666666665
1 0.8833593749999998 0.11300000000000002 0.0391718749999999 0.053270833333333316