1 0.0453125 0.771875 0.090625 0.22291666666666668
1 0.0578125 0.475 0.115625 0.16666666666666666
1 0.2803593749999999 0.4736666666666667 0.14117187500000003 0.15816666666666665
1 0.17937499999999992 0.39849999999999997 0.11764062500000003 0.1254791666666667
1 0.389671875 0.35666666666666663 0.10490624999999998 0.1176458333333334
1 0.97109375 0.4270833333333333 0.0578125 0.14166666666666666
1 0.820359375 0.33658333333333335 0.08298437499999993 0.09608333333333334
1 0.7582812499999999 0.21006249999999996 0.07076562499999994 0.08835416666666666
1 0.869890625 0.1718958333333333 0.05982812499999994 0.07033333333333332
1 0.960921875 0.16760416666666664 0.052749999999999984 0.06691666666666668
1 0.50896875 0.25295833333333334 0.07784375000000007 0.09864583333333335
5 0.35746874999999995 0.2439583333333334 0.21617187500000004 0.21445833333333333
5 0.22943750000000004 0.21220833333333336 0.189140625 0.2333125
1 0.5776406250000001 0.20116666666666666 0.07342187500000001 0.0747708333333333
1 0.4919375 0.19433333333333327 0.06400000000000006 0.06464583333333333
1 0.646484375 0.14941666666666673 0.055625000000000036 0.057125000000000016
1 0.5029375 0.12060416666666664 0.04939062500000002 0.05187500000000001
1 0.5366250000000001 0.1655208333333333 0.04751562499999995 0.05516666666666665
1 0.4575156249999999 0.1411041666666667 0.04903124999999999 0.048770833333333326