1 0.24889062499999995 0.3482083333333333 0.10490624999999998 0.09522916666666663
1 0.075 0.4583333333333333 0.15 0.17083333333333334
4 0.684375 0.9145833333333333 0.31875 0.17083333333333334
1 0.31953125 0.9270833333333334 0.2765625 0.14583333333333334
1 0.8072968750000001 0.5694375 0.15104687500000002 0.15972916666666664
1 0.98046875 0.415625 0.0390625 0.13125
1 0.6887968749999999 0.34375 0.11198437499999994 0.125
1 0.8606718749999999 0.3038125 0.12239062499999998 0.1215208333333333
1 0.1328125 0.5868125 0.20832812500000006 0.25
1 0.3333281250000001 0.4183958333333333 0.13542187499999997 0.16318749999999996
1 0.13057812500000007 0.3169583333333333 0.11384375000000002 0.09227083333333337
5 0.96640625 0.10833333333333334 0.0671875 0.14583333333333334
1 0.9703125 0.21666666666666667 0.059375 0.07083333333333333
1 0.8917343750000001 0.09672916666666669 0.0602656249999999 0.0625
1 0.7868281249999999 0.16220833333333337 0.05579687500000006 0.0625
1 0.5401718750000001 0.09227083333333337 0.04464062500000008 0.041666666666666664
1 0.5848281249999999 0.13243749999999999 0.05803124999999998 0.05654166666666665
1 0.6975468750000001 0.09672916666666669 0.05579687500000006 0.05060416666666665
1 0.6707656249999999 0.12647916666666661 0.05134375000000002 0.05060416666666665
1 0.6484375 0.14881250000000001 0.05134375000000002 0.047625000000000015
1 0.6149531249999999 0.1756041666666667 0.05134375000000002 0.06547916666666669
1 0.49553125 0.12202083333333331 0.04464062500000008 0.03570833333333332
1 0.5178593749999999 0.15772916666666661 0.05803124999999998 0.05952083333333332
1 0.4430781250000001 0.15477083333333339 0.06473437499999993 0.05356250000000002
1 0.4609375 0.1993958333333333 0.06920312499999995 0.07143749999999999
1 0.5524531250000001 0.21577083333333333 0.078125 0.0982083333333333
1 0.4932968750000001 0.27529166666666666 0.08035937499999993 0.08631250000000001
1 0.3604843750000001 0.20089583333333336 0.10490624999999998 0.07439583333333336
1 0.2823593750000001 0.24404166666666663 0.12276562499999999 0.07143750000000001