1 0.34453125 0.959375 0.3203125 0.08125
1 0.0609375 0.7291666666666666 0.121875 0.26666666666666666
1 0.24718750000000006 0.48939583333333325 0.131640625 0.14979166666666663
1 0.19043749999999998 0.385 0.12937500000000002 0.13164583333333332
1 0.35442187500000005 0.4084583333333333 0.11007812500000003 0.11802083333333328
1 0.28860937500000006 0.3002708333333333 0.08284374999999997 0.09229166666666669
1 0.05390625 0.375 0.1078125 0.12083333333333333
1 0.14220312499999999 0.312375 0.11234375 0.09229166666666669
1 0.8207968749999999 0.40039583333333334 0.10446874999999993 0.11589583333333332
1 0.5043906249999999 0.27049999999999996 0.07726562500000007 0.08697916666666666
1 0.22534375000000004 0.2670833333333333 0.09064062499999999 0.08795833333333336
1 0.9643593750000001 0.14745833333333327 0.04957812500000003 0.05981250000000002
1 0.35059375 0.20214583333333327 0.08354687500000005 0.08495833333333333
6 0.4560625 0.18310416666666665 0.08843750000000003 0.12841666666666665
1 0.5131875000000001 0.1733333333333333 0.05292187500000001 0.07275000000000004
1 0.579109375 0.20897916666666666 0.06125000000000007 0.07006249999999999
1 0.62890625 0.15625 0.05190625000000004 0.05914583333333332
1 0.5966875 0.12060416666666664 0.05214062500000001 0.054958333333333324
1 0.67578125 0.12060416666666664 0.05095312500000002 0.05370833333333334
1 0.5454062499999999 0.15625 0.05520312500000006 0.07006249999999999
1 0.5659218750000001 0.09618750000000004 0.04121874999999999 0.04785416666666666
1 0.705078125 0.09814583333333336 0.04751562499999995 0.050687499999999996
5 0.5073281250000001 0.09277083333333327 0.07799999999999993 0.09331249999999998
1 0.40112500000000006 0.18164583333333334 0.04137500000000003 0.047312500000000014
1 0.4780312500000001 0.1489166666666667 0.05671874999999993 0.06335416666666666