4 0.7903593749999999 0.5742291666666667 0.17448437500000002 0.2361041666666667
1 0.57421875 0.5694375 0.15885937499999994 0.1805625
1 0.9703125 0.203125 0.059375 0.08125
1 0.8697031249999998 0.18504166666666666 0.05484374999999986 0.075
1 0.7494687500000001 0.22160416666666669 0.07312499999999993 0.08812500000000002
1 0.06015625 0.728125 0.1203125 0.24375
1 0.22279687500000006 0.49162500000000003 0.16735937500000003 0.17437500000000003
1 0.14264062499999994 0.41381249999999997 0.13921875 0.14624999999999996
1 0.05859375 0.37083333333333335 0.1171875 0.12083333333333333
5 0.24881250000000002 0.22254166666666667 0.14625000000000002 0.18
1 0.34093750000000006 0.4035 0.10828125000000002 0.14812500000000003
1 0.2769375 0.3462916666666667 0.10687499999999997 0.10125000000000005
1 0.43023437500000006 0.35568750000000005 0.07874999999999996 0.10125000000000005
1 0.35710937499999995 0.27316666666666667 0.08156249999999998 0.08624999999999998
1 0.4499218750000001 0.2947291666666667 0.08718749999999993 0.084375
1 0.24175000000000005 0.6254166666666667 0.08682812499999999 0.05558333333333323