1 0.5234375 0.12012500000000005 0.04806249999999999 0.051687500000000004
0 0.574421875 0.11112499999999995 0.06967187500000005 0.09985416666666667
1 0.7239531249999999 0.2621458333333333 0.10417187499999994 0.13541666666666666
1 0.96953125 0.2760416666666667 0.0609375 0.13125
1 0.1078125 0.6333333333333333 0.215625 0.2125
1 0.30171875000000004 0.44320833333333337 0.14582812499999998 0.15625
1 0.3359375 0.2978541666666667 0.10153125000000003 0.09033333333333336
1 0.17553125000000006 0.3974583333333333 0.11535937499999997 0.12177083333333331
1 0.8735312499999999 0.20068749999999996 0.06276562500000012 0.0703125
1 0.9614218749999999 0.1801666666666667 0.05406249999999986 0.06560416666666669
1 0.5190468750000001 0.2612291666666666 0.0841875 0.08179166666666665
1 0.7797812499999999 0.1723541666666667 0.05456250000000003 0.06195833333333335
1 0.40990625 0.1713958333333333 0.07054687499999997 0.05868750000000003
1 0.4399374999999999 0.22852083333333334 0.07626562499999992 0.07110416666666666
1 0.95703125 0.10302083333333331 0.0421875 0.05010416666666666
1 0.12279687500000006 0.3501041666666667 0.099609375 0.10975000000000001
1 0.250984375 0.2622083333333334 0.09064062499999999 0.07977083333333335
1 0.5131875000000001 0.16747916666666665 0.06421875000000003 0.05893749999999998
1 0.6201250000000001 0.17481250000000007 0.06110937500000002 0.06439583333333333
1 0.9467812500000001 0.053708333333333275 0.03506250000000009 0.04260416666666667
1 0.4838906250000001 0.13866666666666666 0.05479687500000008 0.051687500000000004
1 0.669921875 0.12793750000000007 0.061484375000000036 0.05822916666666666
1 0.9013750000000001 0.02735416666666666 0.026968749999999986 0.034458333333333334
1 0.8413125000000001 0.04247916666666664 0.026234374999999942 0.041958333333333334
1 0.7182656250000001 0.08154166666666664 0.04829687499999995 0.050687499999999996