1 0.5632343750000001 0.5737083333333334 0.15382812500000007 0.19695833333333332
1 0.67275 0.35093749999999996 0.089640625 0.10187499999999995
1 0.8505156249999999 0.31358333333333327 0.08454687499999984 0.09508333333333331
1 0.7598593749999999 0.2354791666666666 0.06621874999999999 0.07200000000000001
1 0.8759843750000001 0.2028958333333333 0.06010937500000004 0.07200000000000001
1 0.8036562499999998 0.13699999999999998 0.04584374999999996 0.05704166666666666
1 0.0828125 0.6864583333333333 0.165625 0.19375
1 0.06328125 0.50625 0.1265625 0.15833333333333333
1 0.17935937499999993 0.38393750000000004 0.10662500000000001 0.11147916666666664
1 0.39068749999999997 0.3772916666666667 0.10892187500000002 0.11864583333333331
1 0.2783125 0.24637499999999998 0.08054687500000002 0.0818125
1 0.4835000000000001 0.2826875 0.07670312500000005 0.07262500000000002
1 0.40679687500000006 0.23410416666666667 0.08131249999999998 0.09204166666666667
1 0.08704687500000005 0.34522916666666664 0.11607812500000003 0.11310416666666671
1 0.5688437499999999 0.20556250000000004 0.06839062499999997 0.0703125
1 0.365234375 0.19825000000000007 0.07726562500000003 0.07679166666666669
1 0.5043906249999999 0.17870833333333327 0.07145312500000003 0.06952083333333334
1 0.5498125 0.15331249999999993 0.05904687499999994 0.05670833333333333
1 0.6332968749999999 0.1635833333333333 0.05695312500000007 0.05560416666666666
6 0.4340624999999999 0.13764583333333333 0.08390625000000003 0.09589583333333333