1 0.059375 0.6854166666666667 0.11875 0.225
1 0.07421875 0.4652708333333334 0.1328125 0.14583333333333334
1 0.22907812500000002 0.35572916666666665 0.11440625000000001 0.12185416666666668
1 0.318109375 0.30789583333333337 0.08665624999999996 0.10381249999999996
1 0.424046875 0.35572916666666665 0.10221874999999998 0.11464583333333328
1 0.24295312500000002 0.2596041666666667 0.08529687500000005 0.0902708333333333
1 0.39156250000000004 0.24741666666666665 0.08192187499999996 0.08393750000000001
1 0.798390625 0.4959374999999999 0.10899999999999999 0.11431250000000001
1 0.7024687499999999 0.29635416666666664 0.09154687500000006 0.09881250000000001
1 0.84925 0.2508125 0.06829687500000006 0.07749999999999997
1 0.9671875 0.25729166666666664 0.065625 0.06875
1 0.7685937500000002 0.1704166666666667 0.05521875000000005 0.06006249999999997
1 0.871046875 0.1742916666666667 0.04795312500000008 0.056187499999999994
1 0.9669687499999998 0.15393749999999998 0.04795312500000008 0.054249999999999986
1 0.36023437499999994 0.2052916666666667 0.06103125 0.0639375
1 0.8779375000000001 0.10643749999999995 0.043343750000000014 0.049520833333333326
1 0.41870312500000006 0.16602083333333334 0.06931250000000003 0.05935416666666669
1 0.8149374999999999 0.10693749999999996 0.04154687499999996 0.049520833333333326
1 0.48754687499999994 0.18993750000000004 0.06931250000000003 0.07575000000000003
1 0.5190468750000001 0.27049999999999996 0.08290624999999992 0.08916666666666669
1 0.478765625 0.14647916666666666 0.057265624999999966 0.05414583333333334
1 0.5366250000000001 0.16650000000000004 0.06335937499999993 0.06714583333333331
1 0.086921875 0.34179166666666666 0.11690624999999999 0.10187499999999995
1 0.951171875 0.08299999999999995 0.03949999999999996 0.04656249999999999
1 0.6479531250000001 0.15087500000000004 0.057265624999999966 0.06335416666666666
1 0.58203125 0.22070833333333334 0.062890625 0.06537499999999999
1 0.5922812499999999 0.1264583333333333 0.05356249999999996 0.05266666666666667
1 0.447265625 0.22460416666666666 0.06276562499999994 0.06977083333333335
1 0.6787187500000001 0.1264583333333333 0.06435937500000008 0.06635416666666666