5 0.6282499999999999 0.040583333333333374 0.058265624999999946 0.05808333333333333
1 0.57309375 0.08999999999999998 0.03620312499999993 0.04525
1 0.18868749999999998 0.38218749999999996 0.1385625 0.11829166666666661
1 0.7647812500000001 0.20147916666666663 0.06320312500000007 0.0875
1 0.9622968749999998 0.1682708333333333 0.05712499999999991 0.059958333333333336
1 0.7550625 0.7184375000000001 0.16285937500000003 0.20743749999999986
6 0.846828125 0.2817083333333334 0.09359375000000014 0.16366666666666668
1 0.675453125 0.3975625 0.11060937499999994 0.13937499999999994
1 0.07421875 0.721875 0.1484375 0.2604166666666667
1 0.18868749999999998 0.5256041666666665 0.19203125 0.17827083333333327
6 0.6143906250000001 0.09377083333333332 0.06221875000000008 0.07693750000000002
1 0.6689843750000002 0.07264583333333334 0.03337500000000002 0.03620833333333332
1 0.71875 0.0794375 0.029984375000000084 0.03318750000000001
1 0.6938749999999999 0.09716666666666664 0.03564062499999991 0.03997916666666666
1 0.6720937500000002 0.12543749999999995 0.03507812500000007 0.04072916666666668
1 0.5241718750000001 0.10885416666666667 0.04807812499999997 0.058833333333333335
1 0.625421875 0.15862499999999996 0.040156250000000074 0.049770833333333306
1 0.6016718749999999 0.18691666666666673 0.05260937499999994 0.05958333333333332
1 0.4596875000000001 0.15862499999999996 0.04129687499999992 0.04677083333333331
1 0.518515625 0.1620208333333333 0.05939062499999999 0.05958333333333332
1 0.5501875 0.2276458333333333 0.060531250000000016 0.09125000000000003
1 0.3762499999999999 0.181625 0.06221875000000003 0.05808333333333333
1 0.27131249999999996 0.246875 0.07750000000000004 0.08447916666666669
1 0.4494999999999999 0.2223541666666667 0.07523437499999996 0.05808333333333333
1 0.37426562499999994 0.25629166666666664 0.06392187499999995 0.08974999999999997
1 0.31571874999999994 0.3015416666666667 0.08259375000000002 0.1063541666666667
1 0.48259375000000004 0.2747708333333333 0.08937500000000007 0.0935208333333333
1 0.42799999999999994 0.3535833333333334 0.11709375000000004 0.12143750000000005
1 0.85309375 0.0300416666666667 0.019234374999999915 0.033937499999999995
1 0.8267968750000001 0.07566666666666665 0.036765624999999955 0.03620833333333332
1 0.8103906250000001 0.09716666666666664 0.036765624999999955 0.03695833333333332
1 0.8785624999999999 0.08018750000000002 0.030546874999999928 0.03318750000000001
1 0.876578125 0.13185416666666672 0.04356250000000017 0.04599999999999998
5 0.959375 0.053125 0.071875 0.10625