1 0.5966875 0.07568749999999996 0.03643750000000008 0.041312499999999995
1 0.594875 0.12447916666666667 0.047140624999999936 0.046604166666666676
1 0.67578125 0.11181250000000004 0.05292187500000001 0.0505
1 0.6508749999999999 0.14941666666666673 0.05214062500000001 0.05625
1 0.5249062500000001 0.10643749999999995 0.049203125000000014 0.05560416666666666
1 0.6157187499999999 0.1733333333333333 0.060281250000000064 0.067375
1 0.484625 0.13085416666666666 0.05703125 0.05802083333333332
1 0.520515625 0.16797916666666665 0.059375 0.05935416666666669
1 0.5600625000000001 0.22070833333333334 0.07228124999999999 0.07164583333333331
1 0.43042187500000006 0.16112499999999993 0.06421875000000003 0.061000000000000006
1 0.3674375 0.19091666666666665 0.07553125000000005 0.06793750000000003
1 0.24145312499999996 0.25487499999999996 0.09796874999999998 0.07885416666666668
1 0.3723906250000001 0.2552083333333333 0.10417187499999998 0.11458333333333333
1 0.4557343749999999 0.3090208333333333 0.13020312500000003 0.10416666666666667
1 0.28515625 0.3211875 0.12239062499999998 0.1284791666666667
1 0.3463593749999999 0.4357708333333334 0.125 0.14235416666666664
1 0.72265625 0.8020833333333334 0.2109375 0.2638958333333333
1 0.96484375 0.5479166666666667 0.0703125 0.1875
1 0.971875 0.33229166666666665 0.05625 0.11041666666666666
1 0.96875 0.18541666666666667 0.0625 0.1
1 0.7591093749999999 0.19618750000000004 0.0859375 0.09375
1 0.0671875 0.5 0.134375 0.17083333333333334
1 0.12370312499999994 0.6527708333333334 0.19010937500000002 0.2222291666666666
1 0.0671875 0.359375 0.134375 0.16041666666666668
1 0.951171875 0.11133333333333333 0.041703125000000084 0.048770833333333326
1 0.8779375000000001 0.11864583333333331 0.05396874999999994 0.067375