1 0.83203125 0.6666666666666666 0.15364062499999998 0.20139583333333325
1 0.05390625 0.5416666666666666 0.1078125 0.20833333333333334
1 0.2685625 0.5024583333333332 0.15387500000000004 0.16393750000000004
1 0.13120312500000003 0.4448541666666666 0.12506250000000002 0.13677083333333329
1 0.05390625 0.3458333333333333 0.1078125 0.12083333333333333
1 0.24256250000000001 0.36474999999999996 0.12014062499999997 0.10585416666666667
1 0.6475156250000002 0.4136666666666667 0.1321406249999999 0.127875
1 0.4057656250000001 0.3792916666666667 0.11068750000000005 0.10541666666666671
1 0.3125 0.30712500000000004 0.09832812500000002 0.10345833333333329
1 0.5190468750000001 0.27881249999999996 0.08198437500000004 0.08514583333333334
1 0.8779375000000001 0.10985416666666671 0.043343750000000014 0.05029166666666665
1 0.38207812499999994 0.2739166666666667 0.08760937500000003 0.09460416666666663
1 0.7900468750000001 0.13672916666666665 0.049765624999999945 0.05779166666666667
1 0.9423906250000001 0.05908333333333336 0.03284374999999997 0.04162500000000001
1 0.42603125 0.2348541666666667 0.08276562500000004 0.09137500000000003
1 0.8193437500000001 0.08106250000000005 0.03575000000000017 0.03943750000000001
1 0.8852499999999999 0.16991666666666666 0.058921875000000054 0.06383333333333331
1 0.552734375 0.22070833333333334 0.08074999999999992 0.08916666666666669
1 0.19896875000000006 0.28368750000000004 0.11343750000000001 0.10400000000000004
1 0.283203125 0.2578125 0.08449999999999998 0.07433333333333335
1 0.8486406250000001 0.03368750000000003 0.02757812500000014 0.03552083333333333
1 0.48021875 0.2182708333333333 0.07301562500000003 0.07593749999999998
1 0.46410937499999994 0.15381249999999996 0.059375 0.05602083333333332
1 0.6860312499999999 0.12354166666666669 0.059281250000000084 0.05802083333333332
1 0.576171875 0.1489166666666667 0.061484375000000036 0.05935416666666667
1 0.505859375 0.17285416666666673 0.06042187499999994 0.06383333333333331
1 0.89453125 0.011458333333333333 0.0234375 0.022916666666666665
1 0.62890625 0.15331249999999993 0.064453125 0.061000000000000006
6 0.497078125 0.10643749999999995 0.06696875000000002 0.07562500000000001
1 0.9359375 0.009375 0.03125 0.01875
1 0.5952187500000001 0.07616666666666667 0.04317187499999999 0.046395833333333324
1 0.5571249999999999 0.10058333333333327 0.05190625000000004 0.04674999999999999
5 0.63046875 0.021875 0.0515625 0.04375
1 0.6362343750000001 0.11864583333333331 0.05951562500000005 0.06439583333333333
1 0.7021562500000001 0.09716666666666664 0.059375 0.05560416666666666
1 0.62890625 0.08691666666666673 0.05314062499999998 0.048583333333333326
1 0.6743124999999999 0.07227083333333333 0.05479687500000008 0.05147916666666667
1 0.865625 0.013541666666666667 0.03125 0.027083333333333334
5 0.69296875 0.007291666666666667 0.0421875 0.014583333333333334
1 0.7241250000000001 0.029791666666666692 0.03831249999999997 0.04858333333333333
1 0.6948281250000001 0.030770833333333296 0.04957812500000003 0.04602083333333334
6 0.5161093749999999 0.08204166666666665 0.060875000000000054 0.054958333333333324
1 0.92109375 0.004166666666666667 0.0390625 0.008333333333333333
1 0.7592812500000001 0.05712500000000003 0.03671875 0.041312499999999995
1 0.08910937499999996 0.3203125 0.046812500000000014 0.05670833333333339
1 0.80859375 0.005208333333333333 0.0359375 0.010416666666666666
5 0.3478125 0.15675000000000003 0.1469375 0.15697916666666664