1 0.9140625 0.6909791666666666 0.171875 0.2222291666666666
1 0.4791718749999999 0.7864583333333334 0.20832812500000006 0.23264583333333325
1 0.18620312499999994 0.5520833333333334 0.19010937500000002 0.2013958333333333
1 0.028125 0.5364583333333334 0.05625 0.17708333333333334
5 0.95078125 0.03125 0.0515625 0.0625
1 0.9533906250000002 0.10237499999999997 0.04381249999999994 0.04483333333333332
1 0.97734375 0.12916666666666668 0.0453125 0.05416666666666667
1 0.97109375 0.23125 0.0578125 0.075
1 0.83828125 0.25450000000000006 0.08659375000000002 0.08014583333333336
1 0.62384375 0.0609375 0.028531249999999987 0.03260416666666667
1 0.650328125 0.07995833333333333 0.02648437500000007 0.043458333333333335
1 0.7170468750000001 0.07383333333333333 0.02546874999999993 0.02852083333333333
6 0.6849687500000001 0.09150000000000004 0.05093750000000004 0.07741666666666666
1 0.6600000000000001 0.13020833333333334 0.04176562500000003 0.051625000000000004
1 0.591234375 0.0724791666666667 0.030562499999999916 0.03125
1 0.6100937500000001 0.10508333333333333 0.033624999999999974 0.039395833333333324
1 0.558640625 0.09829166666666668 0.04890624999999993 0.03666666666666665
1 0.5698437500000001 0.12816666666666662 0.040750000000000064 0.047541666666666656
1 0.6192499999999999 0.17435416666666667 0.04381249999999994 0.06656249999999998
1 0.475609375 0.13495833333333326 0.04787499999999998 0.039395833333333324
1 0.5082187499999999 0.16824999999999998 0.04787499999999998 0.0543333333333333
1 0.40787499999999993 0.162125 0.05907812499999996 0.05025000000000001
1 0.43181250000000004 0.209 0.072328125 0.05977083333333333
1 0.33248437499999994 0.1967708333333333 0.07334375 0.05704166666666666
1 0.38545312500000006 0.26535416666666667 0.08353125000000002 0.07200000000000001
1 0.49496874999999996 0.2646875 0.094734375 0.07062499999999998
1 0.38393750000000004 0.36656249999999996 0.10899999999999999 0.08693750000000004
1 0.28765625000000006 0.3033958333333333 0.09779687500000005 0.08556249999999999
1 0.18426562499999993 0.2986458333333334 0.09067187499999999 0.0815
1 0.18375000000000002 0.4141041666666666 0.118171875 0.11681249999999999