1 0.75 0.7083333333333334 0.1875 0.2569375000000001
1 0.5989531250000001 0.5225625 0.15104687499999994 0.15625
1 0.0265625 0.5395833333333333 0.053125 0.2125
1 0.2682343749999999 0.5034791666666666 0.16145312499999998 0.1736041666666667
1 0.17057812499999994 0.4201458333333334 0.10676562499999998 0.14583333333333334
1 0.3859375 0.38660416666666664 0.12051562499999999 0.1046875
1 0.21520312500000002 0.28070833333333334 0.085828125 0.10224999999999997
1 0.3690468750000001 0.2764375 0.08673437499999999 0.08399999999999999
1 0.4662812499999999 0.3026041666666667 0.08764062500000006 0.0949583333333333
1 0.7317812499999998 0.27191666666666664 0.07646875000000009 0.07916666666666666
1 0.9269999999999999 0.25447916666666665 0.07043749999999989 0.07647916666666665
1 0.5336874999999999 0.24658333333333335 0.07759374999999995 0.07708333333333334
1 0.4311562500000001 0.23731250000000007 0.07439062500000002 0.07593749999999998
1 0.96875 0.1635833333333333 0.05332812500000017 0.057333333333333354
1 0.7900468750000001 0.15722916666666673 0.05154687500000001 0.05289583333333332
1 0.297859375 0.23779166666666665 0.08089062499999997 0.07622916666666671
1 0.3696249999999999 0.19922916666666665 0.07315625000000003 0.07141666666666667
1 0.4340781249999999 0.15625 0.06110937500000002 0.05645833333333332
1 0.4926718749999999 0.19872916666666665 0.06957812499999996 0.06841666666666667
1 0.6010781250000001 0.19091666666666665 0.078328125 0.07593749999999998
1 0.06493749999999991 0.3681666666666667 0.11846874999999998 0.10662500000000001
1 0.53515625 0.1733333333333333 0.05735937500000006 0.057791666666666686
1 0.502125 0.12322916666666663 0.049125000000000085 0.045354166666666675
1 0.578515625 0.12479166666666662 0.04559374999999992 0.05025000000000001