1 0.7981718749999999 0.7512500000000001 0.19010937500000002 0.2604166666666667
1 0.0390625 0.3875 0.078125 0.14166666666666666
1 0.19245312499999995 0.2843541666666667 0.10707812499999998 0.10220833333333333
1 0.3147343749999999 0.23404166666666662 0.08882812500000004 0.06977083333333335
1 0.41146875000000005 0.35006249999999994 0.13628125000000005 0.1265416666666667
1 0.0359375 0.5458333333333333 0.071875 0.1625
1 0.24476562499999996 0.5014791666666667 0.15331250000000002 0.14114583333333333
1 0.49664062500000006 0.26975000000000005 0.08760937500000007 0.07949999999999996
1 0.40417187499999996 0.2421666666666667 0.08273437500000003 0.07949999999999996
1 0.30196875 0.3330208333333334 0.09978125000000002 0.11193750000000004
1 0.18393750000000003 0.4027708333333333 0.12167187500000001 0.11843750000000004
1 0.7654687500000001 0.20562499999999997 0.07196874999999991 0.08395833333333336
1 0.8840625 0.07068750000000001 0.03690624999999983 0.040729166666666664
1 0.9524531249999999 0.046499999999999986 0.0235468749999999 0.02460416666666667
1 0.9540468749999998 0.06856250000000005 0.03181249999999984 0.026291666666666668
1 0.9600937500000001 0.09910416666666665 0.04771874999999994 0.048354166666666684
1 0.89296875 0.11987500000000004 0.040718749999999915 0.045812500000000006
1 0.8217031250000002 0.1139375 0.05217187500000007 0.045812500000000006
1 0.642578125 0.09145833333333328 0.026093750000000072 0.04156250000000001
1 0.6953906249999999 0.09910416666666665 0.04771874999999994 0.039875
1 0.6817187499999999 0.11650000000000003 0.039453125 0.039020833333333324
1 0.6635781250000001 0.1330416666666667 0.05154687500000001 0.048354166666666684
1 0.6365312500000002 0.1606041666666666 0.057265624999999966 0.057687499999999996
5 0.59740625 0.07872916666666671 0.07826562500000005 0.10604166666666667
1 0.500375 0.11691666666666668 0.059812499999999956 0.051750000000000004
1 0.545546875 0.14320833333333335 0.06107812500000005 0.05514583333333333
1 0.603453125 0.18647916666666664 0.05345312500000006 0.0449583333333333
1 0.44215625000000003 0.14618750000000003 0.059171875000000006 0.04920833333333334
1 0.501640625 0.17418750000000002 0.057265624999999966 0.05089583333333335
1 0.55859375 0.22422916666666665 0.06681249999999998 0.061083333333333316
1 0.46665624999999994 0.20006249999999995 0.06745312499999993 0.06702083333333336
1 0.38393750000000004 0.1805416666666667 0.06745312499999997 0.06193749999999998