1 0.6845781250000001 0.11133333333333333 0.04351562500000004 0.049354166666666664
1 0.59375 0.12110416666666665 0.050765625000000016 0.05560416666666666
1 0.5542031250000001 0.15331249999999993 0.05681250000000002 0.06241666666666668
1 0.5893593750000001 0.19189583333333335 0.060281250000000064 0.07006249999999999
1 0.5395468749999999 0.23974999999999996 0.07342187500000001 0.078125
1 0.5234375 0.12256249999999996 0.051125000000000045 0.05266666666666667
5 0.43628125000000006 0.13183333333333327 0.09740625000000006 0.125
1 0.505859375 0.1792083333333333 0.06134374999999999 0.07006249999999999
6 0.0703125 0.45416666666666666 0.140625 0.2916666666666667
1 0.059375 0.7291666666666666 0.11875 0.19583333333333333
1 0.32029687500000004 0.44131249999999994 0.13434375000000004 0.13993750000000002
1 0.8135625000000001 0.5014791666666667 0.13014062499999995 0.15952083333333325
1 0.97265625 0.33229166666666665 0.0546875 0.11041666666666666
1 0.2061406249999999 0.3954166666666667 0.15689062499999998 0.14858333333333332
1 0.30509375 0.3217291666666667 0.09984374999999997 0.10341666666666664
1 0.49231250000000004 0.2908333333333334 0.09271875000000004 0.10104166666666667
1 0.149984375 0.3098541666666667 0.09271875 0.08439583333333331
1 0.221296875 0.26883333333333337 0.08379687499999999 0.08320833333333333
1 0.319359375 0.21593749999999995 0.08201562500000001 0.08677083333333334
1 0.7423593749999998 0.23674999999999996 0.06864062499999993 0.06656249999999998
1 0.8720624999999999 0.18741666666666662 0.06062499999999993 0.06300000000000001
1 0.44800000000000006 0.22118750000000004 0.08056249999999991 0.07904166666666666
1 0.7900468750000001 0.15185416666666665 0.051125000000000045 0.052083333333333336
1 0.37768750000000006 0.203125 0.066609375 0.06439583333333333
5 0.962890625 0.078125 0.059140624999999857 0.11310416666666664