1 0.0546875 0.35208333333333336 0.109375 0.07916666666666666
1 0.40645312499999997 0.24093749999999994 0.079875 0.09012499999999998
1 0.10546875 0.4375 0.14323437500000002 0.17360416666666664
1 0.0375 0.684375 0.075 0.21875
1 0.20964062499999994 0.5364583333333334 0.1640625 0.15625
1 0.31087500000000007 0.3139583333333333 0.08635937499999997 0.09631250000000001
1 0.18192187499999993 0.3059791666666667 0.10210937500000002 0.0818333333333333
1 0.47904687500000004 0.3172083333333333 0.09017187500000005 0.08981250000000003
1 0.3449999999999999 0.20243750000000002 0.07496875000000003 0.08847916666666666
1 0.7824843749999999 0.1811458333333333 0.05775000000000006 0.06554166666666668
1 0.867890625 0.17950000000000005 0.054078124999999845 0.0688125
1 0.8125937499999999 0.11395833333333331 0.05160937499999996 0.05243750000000002
1 0.880796875 0.08856249999999997 0.03564062499999991 0.05079166666666666
1 0.9434687499999999 0.0926666666666667 0.03809375000000017 0.04587499999999999
5 0.48901562500000006 0.10772916666666663 0.11092187500000002 0.09258333333333332
6 0.9479531250000001 0.03264583333333337 0.038109375000000154 0.055312499999999994
1 0.837875 0.060875000000000054 0.03132812499999993 0.034999999999999996
1 0.567765625 0.08006250000000001 0.03810937499999998 0.03952083333333333
1 0.5868125 0.12352083333333337 0.042343750000000034 0.04966666666666667
1 0.6541250000000002 0.14329166666666662 0.03640624999999993 0.05758333333333332
1 0.6219531249999999 0.15908333333333335 0.043187499999999976 0.07112499999999998
1 0.5935937499999999 0.19972916666666668 0.06265625000000004 0.06210416666666667
1 0.550828125 0.1455416666666667 0.04148437499999993 0.03724999999999999
1 0.5220312500000001 0.17037499999999994 0.05165624999999992 0.0530625
1 0.479703125 0.20820833333333333 0.06349999999999997 0.06322916666666666
1 0.5410937499999999 0.24433333333333326 0.07620312499999997 0.0858125
1 0.6994375000000002 0.10095833333333329 0.03725000000000005 0.04516666666666668