5 0.96875 0.4010416666666667 0.0625 0.5729166666666666
1 0.8346406250000001 0.3819375 0.10676562499999998 0.14583333333333334
1 0.6106718749999999 0.4895833333333333 0.1328125 0.1805625
1 0.04140625 0.7552083333333334 0.0828125 0.29791666666666666
1 0.0625 0.4635416666666667 0.125 0.19375
1 0.2795781249999999 0.4561041666666666 0.1640625 0.1701458333333333
1 0.6421250000000001 0.044479166666666715 0.04073437500000008 0.04760416666666666
1 0.6939218749999998 0.04683333333333337 0.03570312500000004 0.03352083333333334
1 0.6627343750000001 0.06962500000000003 0.03570312500000004 0.03620833333333332
1 0.6094375 0.05656249999999995 0.029671875000000014 0.030166666666666675
1 0.6260312500000002 0.0817083333333334 0.03470312500000006 0.03218750000000001
1 0.584796875 0.07297916666666661 0.03470312500000006 0.04558333333333332
1 0.542796875 0.10147916666666662 0.03821875000000006 0.05564583333333335
1 0.5656874999999999 0.12662499999999993 0.051796874999999964 0.05364583333333333
1 0.6529375000000002 0.13802083333333334 0.058328125000000064 0.06035416666666667
1 0.49151562500000007 0.11858333333333336 0.06537500000000004 0.06570833333333331
1 0.5380312500000001 0.15981249999999997 0.060843750000000085 0.057000000000000016
1 0.574984375 0.1926666666666667 0.07240625000000005 0.06235416666666668
1 0.48346874999999995 0.19133333333333327 0.06839062499999997 0.06637500000000003
1 0.427890625 0.1577916666666667 0.06185937500000005 0.08783333333333333
1 0.4779375 0.28183333333333327 0.10359374999999993 0.10929166666666665
1 0.3095625 0.22381250000000003 0.087203125 0.08914583333333334
1 0.3488125 0.28099999999999997 0.10465625000000003 0.1065833333333333
1 0.24489062500000003 0.35075 0.126453125 0.13370833333333335
1 0.797203125 0.12595833333333328 0.07121874999999997 0.09883333333333333
1 0.8618749999999998 0.16568749999999993 0.06685937499999994 0.07752083333333334
1 0.7361562500000002 0.23254166666666667 0.07121875000000007 0.07945833333333331
1 0.9483593750000001 0.0959166666666667 0.03924999999999983 0.05427083333333333
1 0.9461875 0.03487500000000002 0.05232812500000002 0.0445625