5 0.4869010416666667 0.3281203703703704 0.034692708333333225 0.05897222222222227
1 0.5859375 0.29948148148148146 0.013687500000000163 0.01975925925925929
1 0.5771927083333332 0.3083240740740741 0.012562499999999944 0.021407407407407437
1 0.5239583333333333 0.3347222222222222 0.015593750000000028 0.023527777777777776
1 0.579859375 0.6959907407407406 0.078125 0.13580555555555568
6 0.42447916666666663 0.7548518518518519 0.10243229166666672 0.24074074074074064
1 0.10100520833333333 0.8564814814814814 0.177953125 0.23765740740740757
1 0.04991145833333333 0.6537685185185186 0.09982291666666666 0.17129629629629628
1 0.23480729166666664 0.5951296296296297 0.09461979166666665 0.11265740740740743
1 0.3324635416666667 0.6144166666666666 0.0833333333333333 0.10493518518518512
1 0.5403645833333333 0.4753055555555556 0.046005208333333235 0.07407407407407413
1 0.6089427083333334 0.45215740740740734 0.040796875000000024 0.061731481481481394
1 0.66003125 0.4395925925925926 0.03385416666666661 0.04629629629629635
1 0.4153645833333333 0.5061759259259259 0.05989583333333335 0.07407407407407413
1 0.5756822916666666 0.39562037037037034 0.027328124999999835 0.036787037037037056
1 0.46020312499999994 0.44400925925925916 0.04009895833333328 0.05555555555555555
1 0.6655260416666666 0.3988703703703703 0.02504166666666663 0.03798148148148152
1 0.5869166666666666 0.36437037037037034 0.02169791666666665 0.030407407407407425
1 0.4353020833333333 0.42165740740740737 0.03656249999999996 0.04266666666666671
1 0.5048854166666666 0.3971388888888889 0.027177083333333307 0.038787037037036974
1 0.3295885416666666 0.4531296296296296 0.048677083333333385 0.06320370370370369
1 0.6547864583333334 0.36046296296296293 0.018906250000000034 0.02973148148148148
1 0.42260937499999995 0.38628703703703704 0.0327760416666667 0.03770370370370368
1 0.45801041666666664 0.39410185185185187 0.029145833333333294 0.03865740740740746
1 0.3784166666666666 0.46744444444444444 0.042177083333333344 0.06369444444444447
1 0.20837499999999998 0.542537037037037 0.08404687500000001 0.08289814814814807
1 0.48364062499999994 0.3767407407407407 0.026411458333333294 0.03504629629629632
1 0.5239270833333334 0.3658888888888889 0.021817708333333387 0.03203703703703707
1 0.3830572916666667 0.4155833333333333 0.02801562500000001 0.044166666666666764
1 0.6572291666666666 0.33549999999999996 0.015541666666666742 0.025
1 0.45971874999999995 0.361324074074074 0.025510416666666737 0.031138888888888872
1 0.6513697916666666 0.312287037037037 0.015541666666666742 0.028481481481481472
1 0.5092760416666666 0.3509074074074074 0.02092187499999998 0.02753703703703702
1 0.6118177083333334 0.30750925925925926 0.012098958333333344 0.019611111111111038
1 0.5424791666666666 0.34982407407407407 0.020140624999999978 0.029157407407407417
1 0.53515625 0.32617592592592587 0.015958333333333387 0.022620370370370325
1 0.560546875 0.33160185185185187 0.014786458333333207 0.02159259259259261
1 0.56740625 0.3166851851851852 0.012848958333333372 0.01862037037037041
1 0.5068385416666666 0.3263888888888889 0.012968750000000107 0.020074074074074053
1 0.5478541666666666 0.3164074074074074 0.018265625000000084 0.02077777777777783
1 0.53515625 0.30946296296296294 0.011640624999999894 0.016342592592592572
1 0.5463854166666666 0.3020833333333333 0.013166666666666771 0.017592592592592618
1 0.634765625 0.3033888888888889 0.01150520833333335 0.0182129629629629
1 0.6044947916666666 0.32617592592592587 0.014557291666666573 0.022092592592592632
1 0.5634791666666666 0.2970925925925926 0.016921874999999885 0.023231481481481513
1 0.576171875 0.28798148148148145 0.015078124999999965 0.020453703703703734
1 0.6342760416666666 0.2827685185185185 0.009375 0.017453703703703697
1 0.6459947916666666 0.2717037037037037 0.0093020833333334 0.014787037037037088
1 0.6484375 0.28688888888888886 0.010093750000000058 0.013944444444444395