1 0.40859375 0.8885416666666667 0.2390625 0.22291666666666668
1 0.7786406249999999 0.6510416666666666 0.16145312499999998 0.1840208333333334
1 0.97734375 0.7114583333333333 0.0453125 0.22291666666666668
1 0.6484375 0.4305625 0.125 0.125
1 0.06328125 0.7083333333333334 0.1265625 0.2875
1 0.0390625 0.5208333333333334 0.078125 0.1875
1 0.23453125000000002 0.5150208333333334 0.14735937500000001 0.13208333333333327
1 0.14568750000000003 0.4184375000000001 0.12692187500000002 0.13043750000000004
1 0.06520312500000003 0.34702083333333333 0.12196875 0.1180416666666666
1 0.260546875 0.3457916666666667 0.10525000000000002 0.1007083333333334
1 0.36145312500000004 0.4015208333333334 0.1250625 0.13620833333333332
1 0.227734375 0.27314583333333337 0.10401562499999999 0.10235416666666666
1 0.4242968749999999 0.33299999999999996 0.07862500000000003 0.0817291666666667
1 0.3704375000000001 0.2591041666666667 0.08606250000000001 0.09574999999999999
1 0.32493750000000005 0.22195833333333337 0.08296875000000004 0.08585416666666669
1 0.46051562500000004 0.21164583333333328 0.07306249999999999 0.07677083333333332
1 0.547203125 0.24383333333333337 0.08171874999999992 0.08172916666666667
1 0.39921875 0.18027083333333327 0.06190625000000001 0.06191666666666666
1 0.7658906250000002 0.20927083333333332 0.06518750000000004 0.07329166666666669
1 0.9765625 0.203125 0.046875 0.09375
1 0.472900390625 0.1376953125 0.05950927734375 0.0584716796875
1 0.51611328125 0.17431640625 0.0655975341796875 0.06121826171875
1 0.8837890625 0.1435546875 0.050537109375 0.05474853515625
1 0.57470703125 0.13427734375 0.0588226318359375 0.049346923828125
1 0.86767578125 0.09716796875 0.04451751708984375 0.052093505859375
1 0.8955078125 0.06982421875 0.0365753173828125 0.04620361328125
1 0.82666015625 0.07763671875 0.036712646484375 0.04730224609375
1 0.53076171875 0.1201171875 0.0511322021484375 0.052490234375
1 0.5966796875 0.1142578125 0.059967041015625 0.052093505859375
1 0.66845703125 0.13330078125 0.061248779296875 0.06195068359375
1 0.70947265625 0.0947265625 0.05694580078125 0.0518798828125
1 0.59228515625 0.0849609375 0.0490264892578125 0.04412841796875
1 0.9359375 0.011458333333333333 0.025 0.022916666666666665
1 0.5966796875 0.19677734375 0.069305419921875 0.06976318359375
1 0.9072265625 0.02392578125 0.034515380859375 0.038848876953125
1 0.84716796875 0.04736328125 0.03110504150390625 0.035125732421875
1 0.6552734375 0.04443359375 0.0387725830078125 0.040374755859375
1 0.68671875 0.015625 0.0328125 0.03125
1 0.6259765625 0.1015625 0.0511322021484375 0.05108642578125
1 0.67138671875 0.08203125 0.04451751708984375 0.0421142578125
1 0.61279296875 0.16357421875 0.065460205078125 0.06768798828125
1 0.76220703125 0.052734375 0.043670654296875 0.0482177734375
1 0.859375 0.007291666666666667 0.034375 0.014583333333333334
1 0.62744140625 0.07080078125 0.0486602783203125 0.051300048828125
1 0.73515625 0.017708333333333333 0.0421875 0.035416666666666666
1 0.85009765625 0.07421875 0.047149658203125 0.0584716796875
1 0.9453125 0.021875 0.071875 0.04375
1 0.815625 0.009375 0.034375 0.01875
1 0.78203125 0.030208333333333334 0.0796875 0.06041666666666667