5 0.12276562500000007 0.29018750000000004 0.125 0.1875
1 0.03203125 0.53125 0.0640625 0.20833333333333334
1 0.59375 0.5381875 0.14582812500000006 0.1944375
1 0.8515625 0.5208333333333334 0.14582812499999998 0.16666666666666666
1 0.3024531250000001 0.4461874999999999 0.18229687500000002 0.17708333333333334
1 0.12629687500000006 0.6180625 0.1953125 0.1805625
1 0.9497812499999998 0.11756250000000001 0.04240625000000016 0.04464583333333335
5 0.8638437499999998 0.16964583333333336 0.09821874999999984 0.20237499999999997
1 0.97734375 0.20625 0.0453125 0.0625
1 0.7533437500000002 0.19791666666666666 0.05134375000000002 0.0625
1 0.7165156249999999 0.31397916666666664 0.08928124999999998 0.08631250000000001
5 0.64296875 0.030208333333333334 0.0546875 0.06041666666666667
1 0.6317031249999999 0.08631250000000001 0.04017187500000006 0.041666666666666664
1 0.6919687499999998 0.10564583333333329 0.04017187500000006 0.04464583333333335
1 0.671875 0.13243749999999999 0.03571875000000002 0.04464583333333335
1 0.6428593750000001 0.16666666666666666 0.04464062500000008 0.05356250000000002
1 0.6026718750000001 0.10564583333333329 0.05803124999999998 0.05654166666666665
1 0.5848281249999999 0.13987499999999997 0.04910937499999992 0.05952083333333332
5 0.48103125 0.12797916666666667 0.14509375000000002 0.16070833333333331
1 0.3761093750000001 0.18154166666666663 0.078125 0.06547916666666669
1 0.3839218750000001 0.24702083333333333 0.08928124999999998 0.08333333333333333
1 0.50446875 0.26189583333333327 0.08482812499999995 0.07737499999999997
4 0.24329687500000005 0.30060416666666673 0.125 0.14881250000000001