1 0.8193437500000001 0.09327083333333329 0.037437500000000054 0.04785416666666666
1 0.8032187499999999 0.12256249999999996 0.05173437499999993 0.05847916666666665
1 0.6918906249999999 0.11474999999999996 0.04401562499999993 0.05068749999999998
1 0.6611406250000001 0.1391666666666667 0.05190625000000004 0.052083333333333336
1 0.58496875 0.11816666666666673 0.05607812499999998 0.05454166666666668
1 0.53515625 0.11474999999999996 0.052734375 0.054354166666666676
5 0.48539062499999996 0.10289583333333331 0.07368749999999995 0.09377083333333332
1 0.53809375 0.1557708333333333 0.051125000000000045 0.05960416666666668
1 0.43334375 0.15722916666666673 0.0578125 0.05625
1 0.4795 0.18164583333333334 0.07653125000000002 0.0892916666666667
1 0.599609375 0.1938541666666667 0.06545312499999997 0.06664583333333335
1 0.5512656249999999 0.23829166666666665 0.07228124999999999 0.08135416666666669
1 0.3623125 0.19043750000000007 0.049765625000000036 0.06560416666666669
6 0.39965624999999994 0.22412499999999996 0.107484375 0.1328125
1 0.44800000000000006 0.3247083333333334 0.10665624999999998 0.11206250000000004
1 0.283203125 0.2338958333333333 0.11581250000000001 0.11010416666666668
1 0.302984375 0.31006249999999996 0.12935937500000003 0.1215208333333333
1 0.32715625 0.4179791666666667 0.13806250000000003 0.13818749999999996
1 0.8450468749999999 0.265625 0.1171875 0.10764583333333337
1 0.8151093750000001 0.4739583333333333 0.11979687500000002 0.12847916666666664
1 0.616109375 0.4657291666666666 0.12006250000000004 0.15191666666666664
6 0.7942656249999999 0.6683958333333334 0.21875 0.2881875000000001
1 0.0765625 0.6760416666666667 0.153125 0.22291666666666668
1 0.8793906249999999 0.1640625 0.051125000000000045 0.06241666666666668
1 0.08618749999999994 0.33789583333333334 0.12250000000000001 0.11858333333333336
1 0.9765625 0.25833333333333336 0.046875 0.08333333333333333