1 0.756359375 0.7797916666666665 0.18851562500000005 0.2424375
1 0.584578125 0.5470208333333334 0.123828125 0.14872916666666663
1 0.727359375 0.28154166666666663 0.08143750000000001 0.07883333333333337
1 0.8595468749999998 0.2480625 0.06470312500000013 0.07733333333333334
1 0.8779531250000001 0.14022916666666668 0.047968750000000074 0.052062500000000005
1 0.81325 0.10824999999999996 0.04349999999999996 0.047604166666666656
1 0.0703125 0.7260416666666667 0.140625 0.21041666666666667
1 0.2884062500000001 0.42952083333333335 0.127171875 0.1427916666666667
1 0.13000000000000006 0.4198541666666666 0.127171875 0.12047916666666664
1 0.04765625 0.35625 0.0953125 0.11666666666666667
1 0.40442187500000004 0.37002083333333335 0.11154687499999998 0.11304166666666665
1 0.3001250000000001 0.3164791666666667 0.09704687500000002 0.09220833333333331
1 0.2002812499999999 0.30012500000000003 0.09593749999999998 0.09220833333333331
5 0.326203125 0.19714583333333333 0.12671875000000005 0.11410416666666669
1 0.42137499999999994 0.24431249999999996 0.074609375 0.06656249999999998
1 0.5121718749999999 0.27760416666666665 0.07185937500000002 0.07168749999999996