1 0.3109375 0.9104166666666667 0.3 0.17916666666666667
1 0.046875 0.7020833333333333 0.09375 0.26666666666666666
1 0.04921875 0.515625 0.0984375 0.16041666666666668
5 0.10625 0.325 0.2125 0.4166666666666667
1 0.2838593749999999 0.4340208333333333 0.15104687500000002 0.1875
6 0.8385468750000001 0.3715208333333333 0.13020312499999998 0.1597291666666667
1 0.49759375000000006 0.29456249999999995 0.08804687500000004 0.09666666666666665
1 0.3266875000000001 0.29283333333333333 0.10357812500000003 0.10472916666666666
1 0.7673281249999999 0.22147916666666667 0.06818750000000007 0.07250000000000002
1 0.28482812499999993 0.24450000000000002 0.08890624999999996 0.08170833333333336
1 0.36682812499999995 0.19731249999999995 0.07509374999999996 0.08170833333333333
1 0.97109375 0.13125 0.0578125 0.05416666666666667