1 0.716796875 0.08985416666666665 0.04957812500000003 0.04227083333333332
1 0.6684531249999999 0.11522916666666667 0.05882812499999997 0.05670833333333333
1 0.6552812500000001 0.1420833333333333 0.06335937499999993 0.06268750000000001
5 0.48121875000000003 0.11439583333333339 0.08173437499999991 0.09522916666666668
1 0.5659218750000001 0.10254166666666673 0.050359375000000026 0.05350000000000001
1 0.5966875 0.11864583333333331 0.046812500000000055 0.05414583333333334
1 0.55859375 0.1411041666666667 0.05479687500000008 0.06052083333333334
1 0.6025468750000001 0.19433333333333327 0.06646874999999994 0.06841666666666667
1 0.508796875 0.1792083333333333 0.066609375 0.06977083333333335
1 0.5395468749999999 0.2495208333333333 0.07878124999999994 0.08135416666666669
1 0.2864531250000001 0.3472291666666667 0.10417187500000002 0.10416666666666667
1 0.3971406249999999 0.3923541666666666 0.12760937499999997 0.13193749999999996
5 0.11875 0.3927083333333333 0.2375 0.35625
5 0.7239843749999999 0.2760208333333333 0.10417187499999994 0.15625
1 0.8450468749999999 0.2951458333333334 0.11198437500000002 0.125
4 0.746875 0.8708333333333333 0.265625 0.25833333333333336
1 0.20703125 0.5642291666666668 0.1796875 0.2048541666666667
1 0.3623125 0.27539583333333334 0.09429687500000003 0.08710416666666668
1 0.9350625000000001 0.17870833333333327 0.05973437500000003 0.07085416666666665
1 0.42090625 0.23193749999999996 0.08482812499999999 0.07904166666666666
1 0.7856406249999999 0.16308333333333327 0.05314062499999998 0.06195833333333334
1 0.8793906249999999 0.12939583333333335 0.050531249999999875 0.05691666666666665
1 0.822265625 0.10839583333333327 0.0438593749999999 0.05249999999999999