5 0.4600468749999999 0.11322916666666671 0.078125 0.10568749999999998
1 0.0609375 0.6916666666666667 0.121875 0.24583333333333332
1 0.04375 0.375 0.0875 0.15
1 0.1875 0.3975625 0.125 0.1284791666666667
1 0.3619843749999999 0.4045208333333334 0.13020312500000003 0.13541666666666666
5 0.325 0.27674999999999994 0.15517187499999996 0.16960416666666664
1 0.22376562500000005 0.2598958333333333 0.081921875 0.08968750000000002
1 0.43689062500000003 0.22747916666666665 0.07925000000000004 0.07458333333333336
1 0.5527656249999999 0.2430208333333333 0.08590625000000003 0.07370833333333332
1 0.34764062500000004 0.1932916666666666 0.08057812499999999 0.06660416666666666
1 0.96015625 0.37395833333333334 0.0796875 0.13541666666666666
1 0.97421875 0.26666666666666666 0.0515625 0.09166666666666666
1 0.7356406249999999 0.2520833333333333 0.07904687500000004 0.08574999999999997
1 0.8568906250000001 0.21458333333333332 0.06967187499999987 0.07860416666666664
1 0.9178593750000001 0.14668750000000005 0.060281249999999884 0.06072916666666668
1 0.497796875 0.1792083333333333 0.07453125000000008 0.07250000000000002
1 0.40698437500000006 0.17870833333333327 0.05373437499999998 0.05847916666666665
1 0.5659218750000001 0.14502083333333335 0.06267187500000002 0.06310416666666666
1 0.6259843750000001 0.15918750000000007 0.06582812499999999 0.06689583333333335
1 0.4487343750000001 0.1557708333333333 0.04998437500000001 0.05227083333333334
1 0.6670000000000001 0.12110416666666665 0.04806249999999999 0.05581249999999998
1 0.505859375 0.1332916666666667 0.04539062499999993 0.04820833333333332
1 0.6245156250000001 0.11181250000000004 0.05017187500000002 0.051687500000000004
1 0.9681875000000002 0.09641666666666661 0.03456249999999983 0.0445