1 0.6889687500000001 0.11766666666666671 0.05154687500000001 0.049354166666666664
1 0.5161093749999999 0.11864583333333331 0.05214062500000001 0.05089583333333335
1 0.6435625000000001 0.1498958333333333 0.05717187500000005 0.057125000000000016
6 0.5712187500000001 0.1129583333333334 0.05778125000000003 0.08708333333333335
1 0.4516562499999999 0.15185416666666665 0.05850000000000009 0.060062499999999984
1 0.5278281249999999 0.16747916666666665 0.05735937500000006 0.06335416666666666
1 0.587890625 0.19629166666666673 0.06609374999999992 0.07250000000000002
1 0.48315625000000006 0.19872916666666665 0.07214062499999993 0.06816666666666667
1 0.39453125 0.1860416666666667 0.07667187500000003 0.07531250000000002
1 0.5278281249999999 0.2417083333333333 0.07667187500000008 0.08179166666666665
1 0.3901406250000001 0.2592708333333333 0.08812499999999997 0.078
1 0.4544218750000001 0.3125 0.09635937499999994 0.11110416666666663
1 0.2670937500000001 0.23924999999999993 0.09448437500000004 0.09937499999999998
1 0.1796875 0.2881875 0.09895312499999998 0.11110416666666663
1 0.2682343749999999 0.328125 0.11457812499999998 0.11458333333333333
1 0.82421875 0.4513958333333333 0.1015625 0.13193749999999996
1 0.975 0.42083333333333334 0.05 0.17083333333333334
1 0.02421875 0.4010416666666667 0.0484375 0.16041666666666668
1 0.0984375 0.6302083333333334 0.196875 0.21458333333333332
1 0.25390625 0.4965208333333334 0.16926562499999998 0.16666666666666666
1 0.828125 0.0703125 0.0342656250000001 0.04464583333333334
1 0.892578125 0.08447916666666669 0.04137500000000003 0.053500000000000006
4 0.8800156250000001 0.1330625 0.056625000000000016 0.06768750000000003
1 0.9497031249999999 0.04297916666666666 0.029343749999999957 0.036062500000000004
1 0.8999062500000001 0.024416666666666722 0.03714062499999997 0.03822916666666667