5 0.20089062500000007 0.2604583333333333 0.25573437499999996 0.22941666666666669
1 0.22193749999999995 0.37122916666666667 0.10076562500000001 0.09741666666666665
6 0.378125 0.8520833333333333 0.340625 0.29583333333333334
1 0.04609375 0.515625 0.0921875 0.16041666666666668
1 0.3697968749999999 0.3958333333333333 0.125 0.13193749999999996
1 0.344375 0.28481249999999997 0.07718749999999996 0.06756250000000001
1 0.5067187499999999 0.2859791666666666 0.06953125 0.08250000000000002
1 0.45192187500000003 0.22352083333333336 0.06953125 0.07385416666666664
1 0.3711874999999999 0.190125 0.07660937499999995 0.0746458333333333
1 0.97578125 0.3333333333333333 0.0484375 0.09166666666666666
1 0.7703749999999999 0.19179166666666667 0.06806249999999991 0.06762500000000002
1 0.7977343749999999 0.12683333333333333 0.04537499999999994 0.05516666666666666
6 0.587 0.057270833333333354 0.05109375000000007 0.05987499999999999
1 0.6017031249999999 0.1016666666666667 0.046453125000000026 0.04747916666666665
1 0.65821875 0.13674999999999998 0.05728124999999995 0.059875000000000005
1 0.5370625 0.100125 0.053421875000000084 0.04024999999999999
1 0.4689375 0.14139583333333333 0.05496874999999992 0.05677083333333333
1 0.5482812499999999 0.14450000000000002 0.04024999999999999 0.05264583333333334
1 0.52778125 0.17545833333333338 0.051875000000000074 0.05264583333333336
1 0.6044062499999999 0.18527083333333336 0.053421875000000084 0.05987500000000002
1 0.54984375 0.2508125 0.06967187500000005 0.07329166666666669
1 0.876140625 0.08049999999999997 0.03793749999999996 0.034062499999999996
1 0.95509375 0.0629583333333334 0.03484374999999993 0.032
1 0.8436250000000001 0.05366666666666665 0.03173437499999991 0.027874999999999997