0 0.8085714285714285 0.6824949698189134 0.09142857142857146 0.13091884641180423
0 0.47285714285714286 0.6309859154929578 0.09714285714285716 0.06867873910127434
1 0.13999999999999999 0.8477531857813547 0.27999999999999997 0.2961770623742455
1 0.3333285714285714 0.8019745137491617 0.2133285714285714 0.21318309859154938
1 0.47509999999999997 0.7761126760563379 0.15148571428571422 0.17274849094567393
1 0.5888714285714285 0.7504439973172368 0.11858571428571434 0.13782964453386987
1 0.20129999999999998 0.7174352783366867 0.11419999999999997 0.07125419181757223
1 0.6489285714285714 0.7191307847082494 0.08610000000000007 0.1352327297116029
1 0.6832142857142858 0.7110181086519115 0.05604285714285719 0.09636485580147552
1 0.13635714285714287 0.683310529845741 0.1202428571428571 0.044126089872568726
1 0.7485285714285714 0.6602173038229375 0.039485714285714305 0.040434607645875184