0 0.3778103616813294 0.7901289215957505 0.0576735092864125 0.11213781146830437
0 0.43646138807429125 0.8683302901196998 0.07429130009775169 0.157878234567218
0 0.4897360703812317 0.9295634371714713 0.10850439882697938 0.14017226433538046
0 0.35239491691104596 0.7362732621405781 0.04398826979472137 0.09295634371714705
0 0.3303225806451613 0.6913296077020971 0.030791788856304958 0.054445858462900544
0 0.3344770283479961 0.6437890776296131 0.023958944281524897 0.030336228997215026
1 0.09775171065493646 0.9020601634113503 0.04442815249266861 0.06304800900053491
1 0.14709677419354839 0.750659362953946 0.02893450635386121 0.031398587211125116
1 0.18004887585532747 0.7304007820136852 0.023998044965786926 0.029141076006566007
1 0.20531769305962855 0.7012892159575057 0.0241348973607038 0.030173924270089997
1 0.21985337243401762 0.6806470056622218 0.020566959921798668 0.022398052343274504
1 0.2768523949169111 0.7226544200372562 0.02211143695014659 0.025821206588096536
1 0.2387683284457478 0.6618491672660876 0.019061583577712593 0.020125786163521942
1 0.28612903225806446 0.6806470056622218 0.017712609970674455 0.019801176709271614
1 0.28320625610948197 0.651904313985872 0.018054740957966775 0.019653626957339767
1 0.22033235581622682 0.6563308065438315 0.013255131964809408 0.018842103321713814
1 0.30469208211143695 0.6541175602648517 0.017184750733137834 0.017912539884542382
1 0.24475073313782988 0.6434202032497833 0.016402737047898342 0.019284752577509886
1 0.2663538611925709 0.6367952193880374 0.014115347018572866 0.015050074697061901
1 0.3156695992179863 0.6463711982884229 0.010821114369501483 0.01736660580239402