3 0.060552083333333326 0.6394166666666666 0.11915104166666665 0.36124999999999985
1 0.5712552083333333 0.5630555555555555 0.21776041666666668 0.4307592592592593
1 0.8752135416666667 0.27081481481481484 0.16118229166666653 0.3442777777777776
1 0.6839322916666667 0.16030555555555553 0.1523802083333335 0.29720370370370375
1 0.5268437499999999 0.12500925925925926 0.15733333333333324 0.24248148148148146
1 0.34005729166666665 0.1136111111111111 0.1823854166666667 0.22721296296296292
5 0.27291666666666664 0.7606481481481481 0.5458333333333333 0.47870370370370374
3 0.21135937499999996 0.2882222222222222 0.07110416666666666 0.2792037037037037
3 0.128328125 0.1801759259259259 0.0734739583333333 0.22980555555555554
1 0.36745833333333333 0.43133333333333324 0.23026562500000006 0.3094907407407406
1 0.8275260416666665 0.7502314814814814 0.2550625 0.49160185185185157
3 0.27075 0.04641666666666667 0.03136979166666665 0.0888148148148148
0 0.9033229166666666 0.05620370370370371 0.14465104166666656 0.102