0 0.15983854166666664 0.6111111111111112 0.315515625 0.7777777777777778
1 0.5462239583333333 0.5936944444444445 0.2528593749999999 0.5200277777777779
1 0.8259895833333333 0.6684074074074075 0.2290625000000001 0.4520740740740741
1 0.38093229166666664 0.4470092592592592 0.17435937499999996 0.36056481481481484
1 0.6620833333333334 0.20744444444444443 0.1824947916666666 0.3073425925925926
1 0.8645052083333333 0.23150925925925925 0.16442187500000002 0.3517962962962962
1 0.3216458333333333 0.15641666666666668 0.18588020833333324 0.24273148148148146
1 0.51753125 0.11759259259259258 0.17047395833333337 0.23518518518518516
3 0.12690104166666666 0.16963888888888892 0.09338541666666665 0.19854629629629628
3 0.25125 0.06574074074074074 0.05458333333333334 0.13148148148148148
1 0.890625 0.07166666666666668 0.12292708333333344 0.1368240740740741
3 0.6533229166666666 0.036620370370370366 0.04611458333333331 0.06646296296296296