3 0.35128125 0.16300925925925927 0.061057291666666645 0.22349999999999995
3 0.286046875 0.15772222222222224 0.05759895833333335 0.20444444444444443
3 0.2448333333333333 0.06686111111111111 0.058182291666666684 0.12589814814814815
1 0.4316041666666666 0.3273611111111111 0.20189583333333339 0.3098611111111111
6 0.12245312500000001 0.423 0.24490625000000002 0.527074074074074
1 0.43409895833333334 0.785287037037037 0.3737031249999999 0.42942592592592593
1 0.7815520833333333 0.7667685185185185 0.2892135416666665 0.46646296296296286
1 0.8615364583333334 0.431324074074074 0.20840624999999982 0.4214907407407406
1 0.8980572916666667 0.19367592592592592 0.1499479166666667 0.3202777777777777
4 0.6689895833333332 0.15385185185185185 0.1955885416666666 0.3077037037037037
1 0.6011979166666667 0.3703703703703703 0.21539583333333318 0.4128148148148147
1 0.43896354166666657 0.045435185185185176 0.13965104166666667 0.08246296296296296
1 0.58203125 0.041638888888888885 0.11498958333333338 0.0765
1 0.771484375 0.03827777777777778 0.0850833333333334 0.07248148148148148