3 0.1989739583333333 0.3041296296296296 0.09977083333333332 0.2604259259259259
3 0.23652604166666666 0.3768240740740741 0.06832812500000003 0.25551851851851853
1 0.19895833333333332 0.7580277777777777 0.39791666666666664 0.4839444444444445
1 0.1 0.5569074074074074 0.2 0.4088703703703702
6 0.5533697916666667 0.5895092592592591 0.30546354166666667 0.6053055555555554
1 0.3655 0.3393425925925926 0.2508385416666667 0.4243703703703703
6 0.5185572916666666 0.14432407407407408 0.15802083333333333 0.28123148148148147
1 0.32509895833333335 0.11655555555555554 0.19077604166666667 0.23310185185185184
1 0.6530729166666667 0.24192592592592588 0.1840364583333333 0.3530092592592593
1 0.8851770833333333 0.15424074074074076 0.15551041666666662 0.3084814814814815
1 0.8381302083333333 0.6769814814814814 0.20606249999999982 0.4846851851851852
1 0.720703125 0.08446296296296296 0.12872916666666664 0.16892592592592592