1 0.734375 0.05687962962962963 0.15029687500000008 0.11375925925925925
1 0.14150000000000001 0.39674999999999994 0.2565833333333333 0.33793518518518517
1 0.5396979166666667 0.6000740740740741 0.21851562500000005 0.4371851851851853
4 0.8231718749999999 0.5542777777777778 0.23490104166666653 0.45753703703703696
1 0.6683802083333333 0.23069444444444442 0.1799114583333333 0.3391574074074074
1 0.48308333333333325 0.15680555555555553 0.18243749999999995 0.31360185185185185
1 0.8964062499999998 0.1864537037037037 0.1532343749999999 0.31968518518518513
3 0.275734375 0.8160092592592593 0.09939062500000002 0.36056481481481467
3 0.3690364583333333 0.10704629629629628 0.046401041666666656 0.2079444444444445
3 0.3217291666666667 0.09537037037037036 0.05387500000000003 0.1907407407407407
3 0.26011979166666666 0.1510277777777778 0.053572916666666706 0.19425925925925927
1 0.08221875000000001 0.8935462962962961 0.16443229166666667 0.21290740740740735
1 0.5892864583333333 0.030425925925925926 0.0922604166666666 0.0608425925925926
3 0.19692187499999997 0.1717777777777778 0.07828125000000001 0.14133333333333337
1 0.7673177083333333 0.883148148148148 0.27400520833333336 0.2337037037037037