1 0.41666666666666663 0.04299074074074074 0.1339270833333332 0.08598148148148148
3 0.22674479166666667 0.16649999999999998 0.06138020833333335 0.1947777777777778
3 0.185265625 0.2562962962962963 0.07944791666666662 0.18794444444444444
3 0.19060937500000003 0.4219722222222222 0.08122916666666669 0.2719351851851852
1 0.8923489583333332 0.11388888888888889 0.1576093750000002 0.22777777777777777
1 0.8811927083333334 0.35550925925925925 0.16238541666666678 0.3519444444444444
1 0.30158854166666665 0.48700925925925925 0.2912760416666666 0.49634259259259245
1 0.6581197916666666 0.27041666666666664 0.18082291666666653 0.366574074074074
1 0.8119531249999999 0.6577685185185185 0.24682291666666673 0.5511296296296297
1 0.5233645833333334 0.11203703703703702 0.1675625 0.22407407407407404
1 0.046875 0.6609814814814814 0.09375 0.3817407407407406
1 0.7884114583333333 0.9351851851851851 0.2330729166666666 0.1296296296296295
3 0.28953124999999996 0.23975000000000002 0.059708333333333384 0.17196296296296296
3 0.043187500000000004 0.38886111111111116 0.08636979166666667 0.21803703703703706
3 0.286828125 0.04299074074074074 0.052828125000000004 0.08598148148148148