3 0.205328125 0.07100000000000001 0.04985937500000002 0.14048148148148148
3 0.037468749999999995 0.245787037037037 0.07493749999999999 0.23752777777777775
1 0.6445989583333334 0.3192870370370369 0.18715625000000014 0.31574074074074066
1 0.8687291666666667 0.11074074074074072 0.14077604166666663 0.22148148148148145
1 0.7923385416666666 0.859824074074074 0.2664531250000001 0.28035185185185174
1 0.20340624999999996 0.778574074074074 0.3351354166666667 0.439324074074074
1 0.5740208333333332 0.07969444444444444 0.1467447916666666 0.15938888888888889
1 0.4352499999999999 0.28306481481481477 0.21306770833333322 0.3746018518518519
1 0.06709375 0.5819074074074074 0.13270312499999998 0.4479444444444444
1 0.4648645833333333 0.7691203703703702 0.32003124999999993 0.4617499999999998
1 0.4338020833333333 0.04172222222222222 0.13292187500000002 0.08344444444444445
6 0.278734375 0.17859259259259255 0.2220625 0.3492407407407408