3 0.7253645833333333 0.3528518518518518 0.07569270833333323 0.27249074074074076
1 0.5512083333333333 0.5875648148148148 0.2915677083333332 0.563601851851852
1 0.110625 0.7717962962962962 0.22124479166666666 0.4564074074074075
1 0.06359895833333333 0.5259722222222222 0.12719791666666666 0.22560185185185194
1 0.39009374999999996 0.3119722222222222 0.23671354166666664 0.3775092592592592
1 0.8188802083333332 0.4756666666666667 0.22496875000000002 0.36574074074074064
6 0.3177395833333333 0.13902777777777778 0.23766666666666664 0.27805555555555556
6 0.9069270833333333 0.1519537037037037 0.16570312499999992 0.3039074074074074
3 0.375953125 0.6070833333333332 0.09327083333333328 0.3354444444444443
6 0.72246875 0.06944444444444445 0.14136979166666652 0.1388888888888889
5 0.7682291666666666 0.8185185185185184 0.346875 0.3629629629629629