6 0.13802083333333331 0.7476851851851851 0.27604166666666663 0.5046296296296295
1 0.44271874999999994 0.7407407407407406 0.330703125 0.5185185185185184
1 0.848078125 0.5961481481481482 0.21009375000000005 0.49786111111111114
1 0.8940052083333333 0.16366666666666665 0.14948958333333345 0.2856666666666666
1 0.13606770833333331 0.38262962962962965 0.27213541666666663 0.3948796296296295
1 0.4819010416666666 0.20274074074074072 0.14609895833333333 0.2797037037037037
5 0.6476145833333333 0.2355925925925926 0.23080729166666672 0.4711851851851852
3 0.130171875 0.1510462962962963 0.06643229166666664 0.17538888888888884
1 0.4140625 0.0423425925925926 0.12488020833333327 0.07693518518518518
1 0.9106458333333333 0.04451851851851851 0.10485937499999984 0.08322222222222221
1 0.76953125 0.06390740740740741 0.05941666666666663 0.12250000000000003