1 0.4375 0.04762037037037036 0.17857291666666675 0.09524074074074072
3 0.04296875 0.3506944444444444 0.07291666666666666 0.1365740740740741
3 0.22236979166666662 0.18165740740740738 0.09191145833333332 0.23208333333333328
1 0.45703125 0.23842592592592587 0.1796875 0.3194444444444444
1 0.671875 0.18055555555555555 0.1458333333333334 0.2546296296296296
5 0.16927083333333331 0.6342592592592592 0.33854166666666663 0.7314814814814816
1 0.8704427083333333 0.2638888888888889 0.16796875 0.35648148148148145
1 0.8053385416666666 0.7083333333333334 0.22526041666666669 0.5416666666666666
1 0.42447916666666663 0.7800925925925926 0.33333333333333326 0.4398148148148148
1 0.9108072916666666 0.04629629629629629 0.1419270833333332 0.09259259259259257
3 0.2571614583333333 0.22685185185185183 0.0690104166666667 0.1481481481481481