0 0.058723958333333326 0.5818796296296296 0.11744791666666665 0.4591203703703705
1 0.17184375 0.34478703703703706 0.14641666666666664 0.20715740740740737
1 0.16991666666666666 0.676324074074074 0.22796354166666663 0.277638888888889
1 0.4615 0.41424074074074074 0.1174999999999999 0.2905277777777777
1 0.6210208333333332 0.2628240740740741 0.08659895833333327 0.16361111111111112
1 0.26818749999999997 0.2276296296296296 0.09956250000000004 0.11174074074074072
5 0.3686979166666666 0.23712037037037031 0.09645312500000003 0.10757407407407406
5 0.6197968749999999 0.6066388888888888 0.2070520833333333 0.40217592592592594
1 0.6084739583333333 0.39525 0.10899479166666666 0.11364814814814816
1 0.29836979166666666 0.41863888888888884 0.1338697916666666 0.22987037037037036
3 0.11530208333333332 0.2529537037037037 0.03958333333333334 0.12037962962962957
3 0.18108333333333332 0.20609259259259258 0.037833333333333344 0.05477777777777777
3 0.5452447916666665 0.20353703703703702 0.01704687499999995 0.047546296296296316