1 0.363546875 0.4041666666666667 0.2162916666666667 0.34072222222222215
1 0.5537708333333333 0.47384259259259254 0.2581666666666667 0.5287499999999999
1 0.14127604166666666 0.3869444444444444 0.2825520833333333 0.3993888888888888
3 0.18718749999999998 0.11160185185185184 0.07615104166666668 0.20375925925925922
3 0.30499479166666665 0.11137037037037037 0.07178124999999999 0.21481481481481476
3 0.37089062500000003 0.16992592592592592 0.07572395833333338 0.13360185185185183
3 0.4243489583333333 0.0727037037037037 0.04558333333333327 0.11895370370370367
5 0.8746875 0.21394444444444438 0.1616458333333334 0.4274722222222222
6 0.8013385416666665 0.7599166666666667 0.2604166666666667 0.4801574074074075
3 0.5193437499999999 0.27182407407407405 0.0625 0.16005555555555556
1 0.7114583333333333 0.07129629629629629 0.1364583333333334 0.14259259259259258
6 0.36666666666666664 0.8555555555555555 0.3708333333333333 0.28888888888888886