6 0.200640625 0.2835833333333333 0.28622395833333336 0.43382407407407403
1 0.79903125 0.7787037037037037 0.26652604166666655 0.4425925925925926
1 0.8613333333333333 0.3910092592592592 0.18566666666666665 0.35978703703703696
1 0.6830624999999999 0.14122222222222222 0.14012499999999992 0.2639259259259259
1 0.5870833333333334 0.44609259259259254 0.2049999999999999 0.3551388888888888
1 0.3205625 0.5440833333333334 0.2713697916666667 0.3807685185185184
3 0.3857291666666667 0.24303703703703705 0.06039062500000001 0.19552777777777774
1 0.9120208333333333 0.14314814814814814 0.15922395833333347 0.28628703703703706
1 0.5508802083333333 0.08621296296296296 0.1702760416666667 0.17242592592592593
4 0.4204635416666666 0.8897499999999998 0.36346875 0.22049999999999997
3 0.36977604166666667 0.11617592592592592 0.07078645833333334 0.2250277777777778