1 0.25297395833333336 0.23809259259259258 0.11458333333333333 0.1137592592592593
1 0.6235104166666667 0.2103148148148148 0.08184374999999999 0.05290740740740737
1 0.24052083333333335 0.4907037037037037 0.16854166666666667 0.2991759259259259
1 0.370625 0.6891666666666666 0.18166666666666664 0.23686111111111105
1 0.08072916666666666 0.5591944444444443 0.16145833333333331 0.35467592592592595
1 0.6298958333333333 0.4646018518518518 0.11812500000000004 0.29512037037037037
0 0.8947916666666667 0.5589814814814815 0.2104166666666667 0.5061203703703705
1 0.17604166666666665 0.3501944444444444 0.1375 0.23668518518518514
1 0.34750000000000003 0.2480555555555555 0.10958333333333341 0.14537037037037034
1 0.6327083333333332 0.6967592592592592 0.1424999999999999 0.218712962962963
1 0.6214583333333333 0.29688888888888887 0.10333333333333332 0.14488888888888893
6 0.4214583333333334 0.43236111111111103 0.17999999999999988 0.46027777777777773
3 0.5199583333333333 0.6688333333333334 0.05880729166666665 0.271925925925926
3 0.049109375 0.33994444444444444 0.05357291666666666 0.14814814814814808