1 0.274671875 0.38873148148148146 0.14450000000000002 0.2702222222222222
1 0.6203593749999999 0.44184259259259256 0.1168750000000001 0.2331018518518519
3 0.17810937500000001 0.2947777777777778 0.04021875000000001 0.16176851851851856
3 0.111578125 0.4179074074074074 0.04046875 0.16467592592592595
3 0.07447916666666667 0.32313888888888886 0.04688541666666666 0.17246296296296298
1 0.05632812499999999 0.5868888888888888 0.11265104166666666 0.34297222222222223
0 0.44814583333333335 0.3295092592592593 0.14337499999999997 0.2969722222222222
3 0.03631770833333333 0.7213888888888889 0.06879687500000001 0.17850925925925923
4 0.665875 0.7076296296296296 0.19506250000000006 0.2077129629629629
1 0.3591302083333333 0.22873148148148148 0.09076041666666668 0.09266666666666662
1 0.6147447916666666 0.2250462962962963 0.07989583333333332 0.08382407407407402