1 0.6400572916666667 0.2976574074074074 0.17561979166666664 0.31753703703703706
1 0.8861145833333332 0.2759907407407407 0.15225000000000008 0.2927222222222222
1 0.8326666666666667 0.6661111111111111 0.22790104166666678 0.5544537037037036
1 0.397203125 0.8391203703703703 0.34101041666666665 0.3217592592592593
1 0.1843489583333333 0.7777777777777778 0.3448489583333333 0.4444444444444444
6 0.41279166666666656 0.29674999999999996 0.23430729166666656 0.3805462962962963
6 0.201234375 0.2549351851851851 0.28242708333333333 0.43578703703703703
3 0.06159375 0.2346111111111111 0.07918229166666665 0.27608333333333335
3 0.6330833333333332 0.8280462962962962 0.09060416666666668 0.3439074074074075
1 0.8759791666666666 0.09885185185185183 0.14782812499999984 0.18966666666666668
1 0.3967291666666667 0.07058333333333333 0.16589583333333335 0.13335185185185186
1 0.5615260416666666 0.05984259259259258 0.15075520833333336 0.11219444444444444