3 0.24332291666666667 0.07787962962962963 0.07400520833333335 0.15575925925925926
3 0.08080729166666667 0.18882407407407406 0.08236458333333331 0.2179814814814814
1 0.14953645833333334 0.3920092592592593 0.2990729166666667 0.4539814814814813
1 0.47515624999999995 0.7658425925925926 0.3895052083333333 0.4683148148148148
1 0.17057291666666666 0.7398148148148148 0.3411458333333333 0.5055555555555555
1 0.8742708333333333 0.32716666666666666 0.20794270833333323 0.40577777777777774
1 0.40040624999999996 0.08385185185185186 0.169328125 0.16769444444444445
3 0.4797395833333333 0.04761111111111111 0.06158333333333328 0.09522222222222222
1 0.6577031249999999 0.25275000000000003 0.19524479166666656 0.29767592592592584
1 0.48384374999999996 0.2078796296296296 0.18462499999999996 0.31164814814814806
1 0.9109739583333333 0.07838888888888888 0.1279687499999998 0.14896296296296296