1 0.62184375 0.4132037037037037 0.1087239583333334 0.28668518518518515
1 0.3020833333333333 0.33803703703703697 0.1356041666666667 0.2754814814814814
1 0.1626770833333333 0.7052037037037037 0.22757291666666662 0.22529629629629627
1 0.06756770833333332 0.6333240740740741 0.1351302083333333 0.3024351851851852
4 0.4286614583333333 0.6443703703703703 0.18925520833333329 0.3305833333333333
3 0.15247916666666667 0.22773148148148145 0.038427083333333334 0.09301851851851856
0 0.8744791666666666 0.49573148148148144 0.2510416666666667 0.6294351851851852
1 0.23446354166666666 0.2559259259259259 0.11242708333333332 0.14410185185185184
1 0.37621874999999994 0.2111574074074074 0.09301562499999991 0.05881481481481477
1 0.4907239583333333 0.26164814814814813 0.10229687500000004 0.15451851851851853
1 0.6176770833333334 0.20616666666666666 0.06964062500000008 0.0466851851851852