1 0.17177604166666666 0.7186481481481479 0.3435520833333333 0.5574074074074074
1 0.8788281249999998 0.18582407407407406 0.16063020833333325 0.32199999999999995
1 0.7792656250000001 0.7929444444444443 0.29394791666666675 0.4040462962962964
1 0.39998958333333334 0.887037037037037 0.29168749999999993 0.22592592592592603
3 0.03392708333333333 0.3413981481481481 0.06785416666666666 0.26165740740740745
3 0.152859375 0.1434814814814815 0.08177604166666667 0.22412962962962962
1 0.3709947916666666 0.11388888888888889 0.18156770833333336 0.22777777777777777
1 0.5798281249999999 0.08518518518518518 0.16173958333333333 0.17037037037037037
3 0.7405364583333333 0.07129629629629629 0.060234375000000104 0.14259259259259258
1 0.8762812499999999 0.44040740740740736 0.16833333333333328 0.3831944444444444
6 0.5982135416666666 0.391537037037037 0.21875 0.4603148148148149