0 0.8294583333333332 0.38925925925925925 0.2339114583333334 0.4072037037037036
1 0.44224479166666664 0.485324074074074 0.13228645833333327 0.270648148148148
1 0.6173802083333333 0.525611111111111 0.15221354166666662 0.32344444444444426
1 0.23876041666666667 0.6050185185185184 0.17401041666666667 0.32023148148148156
1 0.0984375 0.4559259259259259 0.196875 0.3368518518518518
1 0.603578125 0.3052962962962963 0.11294270833333328 0.21966666666666662
3 0.2573020833333333 0.2788703703703703 0.031953124999999985 0.15377777777777776
3 0.4196041666666666 0.3222777777777777 0.042031250000000006 0.1336388888888889
3 0.22474999999999995 0.3194814814814815 0.035286458333333305 0.16993518518518513
3 0.16258854166666667 0.2510925925925926 0.03208854166666666 0.11299074074074068
3 0.21726041666666665 0.24037037037037037 0.04337499999999998 0.11336111111111112
6 0.3262604166666666 0.32210185185185186 0.14488020833333337 0.2636574074074074
3 0.1372864583333333 0.30136111111111114 0.03804166666666666 0.12886111111111107
1 0.375 0.7352407407407406 0.1798072916666667 0.14811111111111117