3 0.16624479166666667 0.15251851851851853 0.06460416666666666 0.2218518518518518
1 0.3020833333333333 0.49884259259259256 0.29166666666666663 0.4930555555555556
1 0.486328125 0.16087962962962965 0.1627604166666666 0.2893518518518518
1 0.904296875 0.1087962962962963 0.14453125 0.2037037037037037
1 0.45182291666666663 0.8125 0.265625 0.375
1 0.3235677083333333 0.14583333333333334 0.18359375 0.23148148148148143
1 0.6360677083333333 0.34375 0.17578125 0.3078703703703703
1 0.7161458333333333 0.0949074074074074 0.1432291666666666 0.1898148148148148
6 0.8639322916666666 0.3379629629629629 0.16536458333333331 0.3611111111111111
1 0.060546875 0.9201388888888888 0.12109375 0.1597222222222222
5 0.71484375 0.7534722222222222 0.4947916666666665 0.4930555555555556
1 0.5810572916666666 0.043592592592592586 0.09668229166666667 0.08062037037037037