3 0.7704635416666666 0.08333333333333333 0.0483645833333334 0.16666666666666666
3 0.3530520833333333 0.07605555555555556 0.04984895833333338 0.1521111111111111
5 0.4463333333333333 0.5917685185185186 0.4596510416666666 0.8164629629629628
1 0.5286197916666666 0.1121574074074074 0.15192708333333335 0.21649074074074073
1 0.6845364583333333 0.20479629629629628 0.15259374999999994 0.32769444444444434
1 0.9063333333333332 0.12337962962962962 0.14797916666666672 0.24675925925925923
3 0.27263020833333335 0.26214814814814813 0.07520833333333332 0.25986111111111104
3 0.11390104166666666 0.40555555555555556 0.11707291666666664 0.3281574074074074
3 0.08339583333333334 0.2470833333333333 0.08522395833333332 0.2392592592592592
3 0.18351562500000002 0.1314907407407407 0.06654166666666668 0.2206481481481481
3 0.30450520833333333 0.15297222222222223 0.071578125 0.1875462962962963
1 0.8683229166666667 0.5186296296296296 0.19623958333333347 0.37442592592592583
3 0.28072916666666664 0.03287037037037037 0.046875 0.06574074074074074