3 0.039713541666666664 0.48277777777777775 0.07942708333333333 0.3127777777777777
3 0.10561458333333333 0.26243518518518516 0.07522916666666665 0.24709259259259256
4 0.33134895833333333 0.27612037037037035 0.28371875 0.3597592592592593
1 0.6983177083333333 0.09259259259259257 0.1544427083333332 0.18518518518518515
1 0.14192708333333331 0.7754629629629629 0.28385416666666663 0.44907407407407396
1 0.5767447916666666 0.4045555555555555 0.23453125000000002 0.4294907407407408
6 0.8765520833333333 0.41686111111111107 0.2000156249999999 0.4957499999999999
1 0.7623749999999999 0.7916666666666666 0.28774479166666644 0.4166666666666667
1 0.90625 0.1380185185185185 0.14782812499999984 0.26627777777777784
1 0.5625 0.04519444444444444 0.11297395833333326 0.08181481481481484
3 0.3422864583333333 0.05566666666666666 0.04690624999999997 0.10411111111111113
3 0.27246354166666664 0.04543518518518518 0.03143229166666668 0.08496296296296296
3 0.39551041666666664 0.04350925925925926 0.052031250000000064 0.08002777777777778
3 0.12145833333333331 0.1774074074074074 0.04061979166666667 0.08018518518518512