1 0.4200156249999999 0.05952777777777777 0.14657812500000006 0.11904629629629629
1 0.25365624999999997 0.24177777777777776 0.22967187500000003 0.330787037037037
4 0.43118750000000006 0.30604629629629626 0.22801562500000006 0.4024351851851852
1 0.08138020833333333 0.6131481481481482 0.16276041666666666 0.4855555555555555
4 0.794875 0.7877037037037037 0.29641666666666666 0.42129629629629617
1 0.9013020833333332 0.1486111111111111 0.1609375 0.2972222222222222
1 0.6194062499999999 0.4158148148148148 0.20128645833333322 0.3501388888888888
3 0.73215625 0.15082407407407405 0.052750000000000165 0.23075925925925928
3 0.15041666666666667 0.2473888888888889 0.05705729166666664 0.225037037037037
3 0.20121354166666663 0.09839814814814815 0.05067187499999999 0.17029629629629625
3 0.32119791666666664 0.8018333333333333 0.0994427083333334 0.3963333333333332
3 0.07690625 0.310537037037037 0.07599479166666666 0.19908333333333333
3 0.18051041666666662 0.6902777777777778 0.08748958333333332 0.392861111111111
3 0.2983645833333333 0.035055555555555555 0.06994270833333331 0.07010185185185186