1 0.6632552083333334 0.18673148148148147 0.16046874999999988 0.2993888888888888
1 0.49672395833333327 0.16018518518518518 0.16280729166666674 0.32037037037037036
1 0.8754010416666667 0.28223148148148147 0.18569791666666663 0.3892407407407407
4 0.441125 0.8125 0.3446562499999999 0.375
1 0.8115520833333333 0.8067407407407406 0.2649166666666666 0.3865185185185185
3 0.18133854166666669 0.8067129629629629 0.10867708333333329 0.38657407407407396
3 0.198984375 0.5250925925925926 0.08380729166666664 0.23537962962962966
3 0.11609895833333332 0.40707407407407403 0.07509895833333333 0.30025925925925917
3 0.027994791666666664 0.3711481481481481 0.05598958333333333 0.2932314814814814
3 0.17892708333333335 0.2720277777777778 0.07183333333333333 0.25702777777777774
3 0.14544270833333334 0.1517685185185185 0.05546354166666667 0.22019444444444444
3 0.29285416666666664 0.15346296296296297 0.054916666666666725 0.23747222222222225
3 0.3436510416666666 0.0862962962962963 0.05488020833333325 0.1725925925925926
3 0.25390625 0.07769444444444444 0.05014062499999996 0.13606481481481478
1 0.9077135416666666 0.08105555555555556 0.12463541666666664 0.1539722222222222