1 0.38765104166666664 0.2175925925925926 0.0922604166666666 0.06746296296296295
1 0.302734375 0.35648148148148145 0.1236979166666666 0.20833333333333334
1 0.41796875 0.7048611111111112 0.17708333333333334 0.1828703703703704
1 0.630859375 0.6655092592592592 0.1627604166666666 0.2939814814814815
1 0.466796875 0.3472222222222222 0.1106770833333334 0.2361111111111111
1 0.26981249999999996 0.23379629629629628 0.099515625 0.09722222222222222
1 0.13727604166666665 0.37632407407407403 0.14508854166666668 0.09920370370370364
3 0.17857291666666666 0.27397222222222223 0.04464062500000001 0.12335185185185185
6 0.6041666666666666 0.22089814814814812 0.08630729166666669 0.07672222222222223
1 0.4847447916666667 0.21825000000000003 0.0930052083333333 0.07142592592592593
0 0.13932291666666666 0.5949074074074073 0.2786458333333333 0.43055555555555547