1 0.44205729166666663 0.8206018518518517 0.30338541666666663 0.35879629629629617
1 0.125 0.8273796296296296 0.25 0.34259259259259267
1 0.8190104166666666 0.47106481481481477 0.18489583333333331 0.40509259259259256
1 0.6263020833333333 0.2916666666666667 0.1875 0.3842592592592592
1 0.275390625 0.17824074074074073 0.23567708333333331 0.32407407407407407
1 0.3391927083333333 0.443287037037037 0.2486979166666666 0.41898148148148145
1 0.47916666666666663 0.18171296296296294 0.16927083333333334 0.2708333333333333
3 0.12565104166666666 0.17327777777777775 0.06901041666666666 0.234787037037037
3 0.024645833333333332 0.28274074074074074 0.04668749999999999 0.181212962962963
3 0.03832291666666666 0.42047222222222225 0.07663541666666665 0.18684259259259256
1 0.8930677083333333 0.07426851851851853 0.12231249999999996 0.14333333333333334
1 0.5532239583333334 0.0626111111111111 0.15027083333333327 0.12098148148148147
1 0.7384687499999998 0.05026851851851851 0.14062499999999992 0.10052777777777777