1 0.4278281249999999 0.03174999999999999 0.1041666666666666 0.05555555555555554
3 0.22452083333333334 0.16783333333333333 0.07700000000000003 0.24901851851851856
3 0.06482291666666666 0.2753703703703704 0.10249479166666667 0.2028518518518518
3 0.44286458333333323 0.30834259259259256 0.21645833333333328 0.34627777777777774
1 0.5268229166666666 0.08888888888888889 0.1651041666666666 0.17777777777777778
1 0.7113072916666667 0.13193518518518518 0.15030208333333323 0.24997222222222223
1 0.604203125 0.39078703703703704 0.22402604166666668 0.42543518518518525
4 0.8388229166666665 0.3774444444444444 0.1843385416666666 0.41229629629629616
1 0.12565104166666666 0.8148148148148148 0.2513020833333333 0.3703703703703704
1 0.07747395833333333 0.5218425925925926 0.15494791666666666 0.36313888888888896
1 0.7717708333333333 0.8831018518518517 0.23250520833333327 0.2337962962962962
1 0.463296875 0.8449074074074073 0.29996875 0.31018518518518506
3 0.3412604166666667 0.10097222222222221 0.06413020833333336 0.19134259259259256
1 0.8976927083333333 0.07142592592592593 0.1316979166666666 0.1375648148148148