0 0.8303437499999999 0.37367592592592586 0.23722916666666655 0.38227777777777777
6 0.646578125 0.666962962962963 0.19106770833333328 0.28577777777777774
6 0.18578124999999995 0.29714814814814816 0.1193489583333333 0.2205185185185185
1 0.45081249999999995 0.40849074074074077 0.11087500000000006 0.23115740740740734
1 0.3003125 0.37186111111111114 0.13061979166666662 0.20442592592592584
1 0.36875 0.6923981481481482 0.17708333333333334 0.23664814814814797
1 0.5996666666666666 0.34275925925925926 0.10974999999999983 0.24040740740740738
1 0.35449479166666664 0.21929629629629632 0.09204166666666666 0.07177777777777779
1 0.48828125 0.2289537037037037 0.08135937500000008 0.08897222222222223
1 0.6005885416666666 0.20789814814814814 0.07891666666666666 0.05412037037037033
1 0.11859374999999998 0.7669259259259259 0.1918958333333333 0.08181481481481462