1 0.252390625 0.5995648148148147 0.16207291666666662 0.28885185185185186
1 0.4934739583333333 0.2514814814814815 0.08979687500000004 0.1455462962962963
1 0.25515625 0.23705555555555552 0.09513020833333333 0.10737037037037038
1 0.43472395833333327 0.4472037037037037 0.12789583333333332 0.27201851851851844
1 0.6266145833333333 0.5970648148148148 0.15164583333333326 0.3375555555555555
1 0.053515625 0.6853425925925924 0.10703125 0.24476851851851855
4 0.3905625 0.737648148148148 0.17976041666666673 0.15128703703703714
0 0.3684270833333333 0.21719444444444444 0.13738020833333336 0.07115740740740743
6 0.6170208333333334 0.3025 0.10458854166666658 0.23185185185185186
3 0.12933854166666667 0.3369259259259259 0.056479166666666636 0.18839814814814812
3 0.1439895833333333 0.3968055555555555 0.05946354166666663 0.1920185185185185
3 0.07560937499999999 0.47521296296296295 0.060328124999999996 0.18236111111111106