1 0.828125 0.6400462962962963 0.22135416666666669 0.5393518518518519
4 0.67540625 0.1435185185185185 0.171875 0.2777777777777778
1 0.8795572916666666 0.18287037037037035 0.1549479166666668 0.3055555555555556
1 0.791015625 0.9293981481481481 0.24609375 0.1412037037037038
1 0.5227864583333333 0.6712962962962962 0.25911458333333337 0.43055555555555547
1 0.14973958333333331 0.380787037037037 0.2578125 0.3125
1 0.47265625 0.2071759259259259 0.1510416666666666 0.24768518518518515
3 0.3735104166666666 0.13274074074074074 0.053312499999999916 0.21726851851851847
3 0.2839270833333333 0.17157407407407407 0.06524999999999999 0.20316666666666663
3 0.07831250000000001 0.22102777777777777 0.07069270833333334 0.22612962962962954
3 0.23696875 0.07428703703703704 0.057265625000000056 0.1430740740740741
3 0.3214270833333333 0.0763888888888889 0.04984895833333338 0.1527777777777778
3 0.462890625 0.04861111111111111 0.05338541666666661 0.09259259259259257
1 0.37768749999999995 0.9713518518518517 0.24768229166666664 0.04511111111111082