1 0.140078125 0.651787037037037 0.26202604166666665 0.3304166666666668
1 0.2821458333333333 0.38815740740740734 0.14195833333333327 0.23896296296296302
1 0.18359375 0.3242129629629629 0.13191666666666663 0.19921296296296298
1 0.4422604166666666 0.33691666666666664 0.12901562500000002 0.21919444444444447
1 0.3420833333333333 0.2503240740740741 0.0958125 0.14786111111111114
1 0.6312864583333333 0.6122407407407406 0.14628125 0.2958425925925925
0 0.36441145833333327 0.6098796296296296 0.27951041666666665 0.3993981481481482
5 0.6193802083333333 0.2701203703703704 0.10021874999999998 0.18441666666666662
3 0.03536458333333333 0.4995833333333332 0.05885416666666667 0.2124814814814815
3 0.08548958333333331 0.33125 0.04662499999999999 0.17494444444444449
3 0.12917708333333333 0.23929629629629628 0.05205729166666666 0.11290740740740736
3 0.29044791666666664 0.21165740740740738 0.0399375 0.0584814814814815
3 0.1774375 0.2019259259259259 0.028458333333333342 0.03718518518518524