1 0.6000729166666667 0.021824074074074072 0.1078854166666666 0.043648148148148144
3 0.4776770833333333 0.032407407407407406 0.056546874999999906 0.06481481481481481
3 0.35546875 0.04675925925925926 0.046354166666666696 0.09351851851851851
3 0.7854635416666665 0.3484814814814815 0.06413020833333336 0.2827962962962964
3 0.31722395833333333 0.6932962962962962 0.09643229166666671 0.37719444444444433
3 0.047828125 0.6619444444444444 0.09267708333333333 0.2975462962962965
3 0.7483593749999999 0.5979444444444444 0.08090104166666663 0.3452037037037036
3 0.7257604166666667 0.10450000000000001 0.051682291666666734 0.20542592592592587
3 0.3532552083333333 0.197287037037037 0.06156770833333338 0.24708333333333338
3 0.28479166666666667 0.19107407407407406 0.062192708333333346 0.21348148148148147
3 0.2216614583333333 0.08106481481481481 0.06404166666666669 0.16212037037037036
3 0.13204687499999998 0.16299074074074074 0.067984375 0.11023148148148149
3 0.4102499999999999 0.08466666666666665 0.04669791666666669 0.1693333333333333
3 0.579390625 0.0682037037037037 0.04532291666666666 0.13639814814814816
1 0.6254635416666667 0.39899999999999997 0.2307864583333334 0.44329629629629624
1 0.140625 0.3638333333333334 0.28125 0.40162037037037046
4 0.4693229166666667 0.2349074074074074 0.21068750000000006 0.34452777777777777
1 0.8211354166666667 0.8075092592592592 0.2683749999999999 0.3849814814814815
1 0.9105000000000001 0.13325925925925924 0.15631249999999994 0.2665185185185185
1 0.4571614583333333 0.8800370370370371 0.31715625000000003 0.23991666666666667
3 0.3024895833333333 0.0900648148148148 0.05941666666666663 0.18012037037037038