1 0.20553125 0.6365462962962962 0.20034375000000004 0.3534814814814814
1 0.075 0.5736111111111111 0.15 0.3638888888888889
1 0.6288489583333334 0.7 0.18348958333333343 0.2525092592592592
6 0.43036979166666656 0.4364722222222222 0.15161458333333327 0.330361111111111
3 0.18780729166666665 0.35488888888888886 0.04123958333333331 0.1918425925925926
3 0.12970312499999997 0.25313888888888886 0.03774999999999999 0.1391203703703703
3 0.23424999999999999 0.2650092592592592 0.02827604166666662 0.1487222222222222
0 0.9040052083333332 0.566037037037037 0.18673958333333332 0.49139814814814825
3 0.020416666666666666 0.367824074074074 0.04083333333333333 0.16528703703703704
1 0.6103541666666666 0.2875462962962963 0.09515624999999997 0.19780555555555557
1 0.36010937499999995 0.2549907407407407 0.1039427083333333 0.14290740740740737
1 0.48071354166666663 0.24956481481481477 0.10034375000000004 0.13313888888888883