3 0.42261979166666663 0.32605555555555554 0.04315625000000001 0.2341203703703703
6 0.2607864583333333 0.5211666666666667 0.2953854166666666 0.5925925925925924
3 0.35877083333333337 0.7874259259259259 0.11126562499999988 0.37601851851851853
1 0.6356510416666666 0.31727777777777777 0.18547916666666656 0.3579444444444445
1 0.8891666666666665 0.19246296296296295 0.1460052083333334 0.2670555555555556
1 0.8299739583333332 0.7735185185185185 0.2462968749999998 0.452962962962963
3 0.04089583333333332 0.27573148148148147 0.069921875 0.25934259259259257
3 0.38245312499999995 0.07973148148148149 0.06032291666666665 0.15946296296296297
1 0.5766614583333334 0.04350925925925927 0.12335416666666674 0.08062037037037036
1 0.7451197916666666 0.0795925925925926 0.1260989583333334 0.1486574074074074
3 0.131453125 0.17312037037037034 0.06310416666666666 0.2109537037037037
3 0.24367187499999998 0.06085185185185185 0.051338541666666605 0.11375925925925925
3 0.28515625 0.060648148148148145 0.0421875 0.12129629629629629