1 0.9110885416666665 0.08200925925925925 0.1272343750000001 0.1613796296296296
3 0.1958802083333333 0.3378888888888889 0.09210416666666665 0.3028796296296296
6 0.169328125 0.710287037037037 0.33865625 0.5794259259259259
1 0.8691770833333333 0.2383425925925926 0.17738541666666663 0.3133055555555555
1 0.8415677083333332 0.5130185185185184 0.2795989583333333 0.34044444444444444
1 0.8194010416666666 0.8130648148148147 0.24267708333333324 0.37387037037037035
6 0.5024739583333333 0.685287037037037 0.33486458333333335 0.6294259259259259
1 0.6140052083333334 0.3399166666666667 0.21180208333333325 0.32757407407407396
1 0.7043489583333333 0.0953796296296296 0.14986458333333327 0.19074999999999998
1 0.53959375 0.09269444444444444 0.16853645833333336 0.18538888888888888
3 0.027140624999999995 0.29307407407407404 0.05428124999999999 0.23019444444444445