1 0.5045572916666666 0.16435185185185186 0.16015625 0.2546296296296296
1 0.83984375 0.35532407407407407 0.16666666666666669 0.28935185185185186
1 0.8072916666666666 0.7037037037037036 0.2161458333333332 0.42129629629629617
1 0.08723958333333333 0.599537037037037 0.17447916666666666 0.375
1 0.3860677083333333 0.09027777777777778 0.16796875 0.18055555555555555
3 0.27632291666666664 0.23297222222222225 0.07421875 0.256287037037037
3 0.10602604166666665 0.30241666666666667 0.07663541666666665 0.23512037037037037
3 0.17810416666666665 0.13723148148148145 0.07719791666666669 0.22487037037037033
3 0.07486979166666666 0.25313888888888886 0.07310416666666668 0.2529722222222222
3 0.25790625 0.06696296296296295 0.051895833333333294 0.1339259259259259
1 0.48697916666666663 0.6724537037037036 0.29166666666666663 0.5810185185185184
1 0.6731770833333333 0.20023148148148145 0.1770833333333334 0.2986111111111111
1 0.15234375 0.8171296296296295 0.3046875 0.36574074074074064
1 0.90625 0.08796296296296295 0.1302083333333332 0.1759259259259259
1 0.7533489583333333 0.030425925925925926 0.11383854166666678 0.0608425925925926