1 0.27018229166666663 0.474537037037037 0.16276041666666669 0.3055555555555556
1 0.06640625 0.5740740740740741 0.1328125 0.29629629629629634
4 0.38932291666666663 0.6828703703703703 0.17968749999999994 0.2638888888888889
1 0.6223958333333333 0.6693148148148148 0.1666666666666666 0.2771018518518518
1 0.6183229166666667 0.2986759259259259 0.0949791666666668 0.2132592592592593
1 0.34375 0.28009259259259256 0.1067708333333333 0.1435185185185185
1 0.2265625 0.2607777777777778 0.1223958333333333 0.1543796296296296
3 0.12477604166666664 0.3727314814814815 0.054239583333333306 0.1601851851851852
0 0.4817708333333333 0.2604166666666667 0.1171875 0.15046296296296294
3 0.055624999999999994 0.3426851851851852 0.051687499999999977 0.15249074074074082
3 0.15111458333333333 0.23447222222222222 0.02890625 0.10105555555555554