0 0.4766942954656265 0.5497556390977444 0.019253765813852 0.03195488721804504
0 0.48793399881957444 0.562875939849624 0.0241114732223048 0.03642857142857139
0 0.5034925196951423 0.5803853383458646 0.04213349072339545 0.049953007518796964
0 0.5355872616695322 0.7518796992481203 0.1121737791577921 0.22556390977443616
0 0.64406579588904 0.7713815789473684 0.1413508173163283 0.20895676691729317
0 0.3161666966049937 0.7528853383458647 0.1283943647514691 0.18062030075187963
0 0.0856373014447381 0.5888251879699247 0.07672252303112728 0.053392857142857034
0 0.5350945623444276 0.6264097744360902 0.05763042418332506 0.07844924812030077
0 0.23126074572095764 0.5425939849624061 0.03873078600939206 0.03475563909774433
0 0.2122533295696579 0.8344548872180452 0.2067566527239601 0.15977443609022543
0 0.3992404218737971 0.550046992481203 0.02582052400626134 0.031710526315789404