2 0.9399428571428572 0.12408470588235293 0.024521428571428673 0.041379495798319316
0 0.22142857142857145 0.6164759663865546 0.4321428571428571 0.4934453781512604
0 0.4455571428571428 0.4294131092436975 0.20532142857142865 0.28989310924369743
0 0.6333 0.3290460504201681 0.1674785714285715 0.23511126050420175
0 0.7412142857142857 0.22591462184873953 0.10034285714285715 0.17278924369747897
2 0.7575928571428572 0.38655999999999996 0.08839285714285712 0.13848739495798312
2 0.9389642857142857 0.2702198319327731 0.05758571428571422 0.10588504201680675
1 0.9801571428571428 0.19848605042016806 0.03825000000000003 0.05240470588235292
1 0.9248071428571428 0.17555361344537815 0.03475714285714275 0.05395361344537819
2 0.9633785714285714 0.13355025210084032 0.03338571428571413 0.04752134453781515
0 0.8664571428571428 0.12730084033613445 0.08662857142857164 0.08971831932773112