0 0.7373076923076923 0.3634697217675941 0.1112615384615383 0.14119803600654668
0 0.8530307692307693 0.29624586288416077 0.055107692307692344 0.0730896526641208
0 0.9331076923076923 0.26929114384433533 0.03649230769230769 0.04985924713584288
2 0.96328125 0.4574468085106383 0.0734375 0.12529550827423167
1 0.832123076923077 0.5750805601018367 0.12216923076923081 0.13691507546826695
1 0.8447230769230771 0.4351394799054374 0.06927692307692297 0.08079432624113472
1 0.9066615384615385 0.38858556101109293 0.04724615384615376 0.05581814875431903
0 0.43081538461538454 0.6657675941080197 0.4913846153846153 0.5330656482996909
1 0.9467846153846153 0.32061683942535013 0.02716923076923088 0.03307655937443172
1 0.9731384615384615 0.28646953991634844 0.02036923076923074 0.029817785051827583
2 0.9868153846153845 0.34722240407346794 0.024523076923076915 0.05120931078377882
1 0.919923076923077 0.33483906164757227 0.035615384615384826 0.04376068376068382
1 0.9609384615384616 0.29736315693762505 0.025046153846153628 0.031004909983633363