0 0.16480729166666666 0.6971296296296295 0.01039062500000001 0.05287037037037028
0 0.17259895833333333 0.695212962962963 0.012718749999999978 0.05668518518518526
0 0.183109375 0.6931296296296295 0.012359374999999995 0.05901851851851845
0 0.195296875 0.6959537037037037 0.02118749999999998 0.07471296296296306
0 0.213484375 0.691824074074074 0.019421875000000012 0.07848148148148139
0 0.22884374999999996 0.6893611111111111 0.02683854166666668 0.09040740740740745
0 0.24103124999999997 0.700037037037037 0.02436979166666662 0.09040740740740752
0 0.2719479166666666 0.6865092592592592 0.052828125000000004 0.11639814814814815
0 0.3284947916666667 0.6951018518518519 0.0677083333333333 0.15475925925925912
0 0.3872760416666667 0.6851851851851851 0.08109895833333333 0.20105555555555538
0 0.47730729166666663 0.6878333333333333 0.13616145833333332 0.2566111111111111
0 0.7470260416666666 0.6666666666666666 0.41815625 0.3862407407407406