0 0.39111 0.29581359223300974 0.1427000000000001 0.10570873786407772
0 0.40845000000000004 0.40010873786407763 0.09039000000000001 0.12686601941747572
0 0.9204100000000001 0.39903689320388347 0.04336999999999982 0.10741747572815527
0 0.86724 0.42671844660194175 0.07926000000000002 0.1388271844660194
0 0.31151999999999996 0.4861980582524272 0.22034000000000004 0.2258485436893204
0 0.79321 0.4388504854368932 0.08843000000000005 0.1628737864077671
0 0.64467 0.4354485436893204 0.2486600000000001 0.2605359223300971
0 0.63581 0.682221359223301 0.25098000000000004 0.31002718446601957
0 0.3654700000000001 0.7832543689320389 0.33692 0.3968621359223301
0 0.6151000000000001 0.2571339805825243 0.16234999999999983 0.1049631067961165
0 0.18311000000000002 0.3891106796116505 0.17248999999999998 0.16686601941747567
0 0.8295899999999999 0.2840543689320389 0.22925000000000004 0.13606213592233019
0 0.06695999999999999 0.33582912621359223 0.10376000000000003 0.12439611650485444