2 0.15346996069623806 0.6041363753686638 0.13101066816395285 0.18789473491062147
1 0.37198203256597423 0.38622545655607055 0.07205502526670408 0.08089651232631055
1 0.32348680516563727 0.5882357834268525 0.04418865805727119 0.10501749892046162
6 0.5670971364402021 0.48083045558356846 0.05053340819764181 0.15005743266799512
5 0.4360864682762492 0.5936925596865485 0.22646266142616497 0.4645149294354963
1 0.715625 0.8681917211328976 0.18125 0.2636165577342048
2 0.02386299831555306 0.6404078881537018 0.04772599663110612 0.17223684033473635
3 0.14832678270634475 0.7568008474835439 0.06644020213363282 0.16440789304679396
1 0.096875 0.8932461873638344 0.19375 0.21350762527233116
3 0.2522010106681639 0.4827876924055541 0.03275126333520495 0.10177631474325341
1 0.5275856260527794 0.37695598296714655 0.06164514317798986 0.078250328142986
1 0.4978046041549691 0.32543368086519653 0.04568220101066807 0.05012874948469626
2 0.813307130825379 0.2704431551146879 0.15779337450870293 0.08250927546762665
3 0.8241549691184726 0.29107243121841664 0.029584503088152657 0.0595861178085309
1 0.7363840539023021 0.305736049488733 0.022352610892756884 0.054090196812395235
1 0.599606962380685 0.30637019421905637 0.045530600786075404 0.05693210467791836
1 0.8569343065693431 0.193695984850987 0.021746209994385167 0.025913815523089884
1 0.6064458169567658 0.3330277597345008 0.03555306007860768 0.06851111771678535
5 0.6723245367770916 0.3121557862648459 0.1068725435148794 0.20305940580736626