0 0.3532708333333333 0.45898039215686276 0.07608333333333332 0.13229803921568634
0 0.14881250000000001 0.4374901960784313 0.1268333333333333 0.15927843137254902
0 0.23974999999999996 0.39080784313725486 0.20885416666666662 0.10412549019607842
1 0.3425208333333333 0.701835294117647 0.13939583333333339 0.14713725490196072
0 0.7978541666666666 0.566556862745098 0.3989166666666666 0.2378666666666666
6 0.5335208333333332 0.8013490196078431 0.24274999999999985 0.2768941176470587
6 0.1325625 0.5632313725490196 0.09685416666666664 0.12545882352941182
1 0.22814583333333333 0.6235294117647059 0.12022916666666665 0.13612549019607842
1 0.2773541666666667 0.5073568627450981 0.05975000000000001 0.08009411764705887
1 0.44360416666666663 0.647435294117647 0.14293750000000002 0.13474509803921564
1 0.7768541666666666 0.767749019607843 0.23754166666666662 0.19447843137254897
2 0.08758333333333332 0.5180235294117647 0.07654166666666665 0.09493333333333326
1 0.8642499999999999 0.9433725490196078 0.26366666666666666 0.1097411764705882
0 0.6601666666666667 0.5014588235294117 0.3618124999999999 0.15984313725490185
0 0.43206249999999996 0.4746666666666667 0.10687499999999997 0.15005490196078428