0 0.29584166666666667 0.09990000000000002 0.05572499999999998 0.07325000000000001
1 0.28995 0.21976666666666667 0.01963333333333326 0.033983333333333296
1 0.28003333333333336 0.24646666666666667 0.04272499999999999 0.05486666666666666
1 0.17291666666666666 0.7840333333333334 0.19722499999999993 0.2791666666666667
1 0.4006333333333333 0.75195 0.13134999999999994 0.25220000000000004
0 0.7795166666666666 0.6013833333333334 0.3506916666666668 0.48055000000000003
1 0.5076416666666665 0.4340333333333334 0.07639166666666668 0.10138333333333338
1 0.42944166666666667 0.5058666666666667 0.08648333333333333 0.17981666666666668
1 0.36645833333333333 0.41479999999999995 0.06451666666666664 0.1045
1 0.27660833333333334 0.36865000000000003 0.04742499999999996 0.08820000000000006
1 0.26464999999999994 0.26854999999999996 0.048216666666666706 0.06731666666666661
1 0.3559 0.22708333333333336 0.027083333333333303 0.04304999999999994
1 0.32360833333333333 0.17083333333333334 0.022224999999999984 0.03888333333333329
6 0.27881666666666666 0.12361666666666667 0.034025000000000014 0.047216666666666685
1 0.25195 0.2144833333333333 0.02465833333333336 0.04998333333333334
1 0.28955 0.19788333333333336 0.02199166666666663 0.028449999999999996
0 0.42271666666666663 0.21083333333333334 0.07234999999999996 0.15545