1 0.212275 0.4112974238875879 0.08208750000000001 0.10830913348946133
1 0.35840000000000005 0.30883372365339584 0.06982499999999998 0.07254332552693205
5 0.32494999999999996 0.6048711943793912 0.2002 0.4054519906323185
5 0.8837875000000001 0.2656674473067916 0.12805 0.2446276346604215
5 0.158325 0.7508758782201406 0.2127624999999999 0.46654800936768154
5 0.15143750000000003 0.1715035128805621 0.093275 0.152768149882904
5 0.25635 0.10950819672131148 0.08282499999999997 0.15441686182669792
5 0.5322250000000001 0.07831381733021077 0.04577500000000008 0.08488992974238876
5 0.39282500000000004 0.07898829039812647 0.07056250000000008 0.11938173302107728
5 0.455075 0.07872599531615924 0.06487499999999997 0.12112412177985948
5 0.37353749999999997 0.4420421545667447 0.10393749999999993 0.20400936768149874
5 0.8334999999999999 0.07857611241217799 0.057375000000000044 0.10576112412177985
1 0.48077500000000006 0.6016861826697892 0.10192499999999996 0.148440281030445
1 0.90625 0.510463700234192 0.09667499999999976 0.11535362997658086
1 0.7314499999999999 0.11956908665105387 0.033725000000000095 0.046501170960187375
6 0.7783625000000001 0.12899297423887587 0.04327499999999986 0.08790632318501171
6 0.6982375000000001 0.14261358313817332 0.041324999999999966 0.06559250585480092
1 0.6831 0.18040281030444968 0.04535 0.05603747072599531