3 0.6546875 0.06041666666666667 0.03229375000000001 0.05139166666666668
3 0.4875 0.11597500000000001 0.04375 0.06805833333333336
3 0.5317687500000001 0.08449166666666666 0.03693124999999995 0.07219166666666664
3 0.4140625 0.15485833333333335 0.05729375000000001 0.09305833333333334
3 0.25676875 0.17985833333333334 0.06770625 0.09860833333333333
3 0.196875 0.22569166666666665 0.06458125 0.10416666666666667
1 0.32153125000000005 0.23242500000000005 0.16430624999999993 0.11653333333333338
1 0.4857125 0.16928333333333334 0.1321250000000001 0.08852500000000003
0 0.718325 0.15063333333333334 0.31115000000000015 0.21793333333333334
0 0.43994375 0.3639333333333334 0.3395999999999999 0.45019166666666677
1 0.07864375 0.40764166666666674 0.1572875 0.17083333333333345
1 0.09966874999999997 0.29150000000000004 0.1922625 0.1097
1 0.047331250000000005 0.19238333333333335 0.09436249999999999 0.10636666666666669
1 0.44140625 0.23341666666666672 0.14013749999999997 0.08748333333333337
3 0.28003125000000006 0.028650000000000005 0.042481249999999984 0.043699999999999996
6 0.35885625 0.06735833333333334 0.121875 0.10694166666666668