0 0.713546875 0.41806249999999995 0.19792187499999994 0.18056250000000004
2 0.585421875 0.6375 0.1375 0.1944375000000001
0 0.319796875 0.6006874999999999 0.25832812499999996 0.3597291666666666
0 0.1014375 0.5712916666666668 0.19714062499999999 0.306
0 0.85546875 0.43033333333333335 0.15710937499999994 0.20197916666666665
0 0.95565625 0.3263333333333333 0.06596875000000005 0.10545833333333335
0 0.342984375 0.40239583333333334 0.11884374999999991 0.12791666666666662
0 0.472171875 0.3942083333333333 0.1953125 0.15543750000000003
0 0.574703125 0.4189375 0.19043749999999998 0.17072916666666665
0 0.059343749999999994 0.39260416666666664 0.047531250000000004 0.11650000000000003
0 0.794921875 0.30874999999999997 0.07543749999999996 0.0803958333333334
0 0.528328125 0.2950833333333333 0.09723437500000003 0.052854166666666674
0 0.39209375 0.28629166666666667 0.15612499999999993 0.050125
0 0.727546875 0.32129166666666664 0.11901562499999993 0.053062499999999936
0 0.610359375 0.32325 0.10992187500000003 0.05866666666666672
0 0.619140625 0.289875 0.09753124999999993 0.05464583333333337
0 0.2515625 0.39791666666666664 0.06979687500000002 0.1347291666666667
0 0.13084374999999998 0.3951458333333333 0.11584375000000002 0.12916666666666668
0 0.20242187500000003 0.39460416666666664 0.031874999999999966 0.11229166666666662
0 0.8520468749999999 0.306 0.062437500000000055 0.0667291666666666
0 0.907234375 0.30435416666666665 0.04312499999999986 0.055166666666666704
1 0.7364531249999999 0.5520833333333334 0.13957812500000005 0.10972916666666659