3 0.5949312696856554 0.18130478087649404 0.009036106881375017 0.02427290836653384
3 0.3618197367597672 0.3550498007968128 0.02531444901024178 0.06132470119521922
1 0.12069001480987047 0.84097609561753 0.2371081120544002 0.30872509960159367
1 0.6164827600592395 0.21739043824701196 0.03376650466198028 0.03763944223107571
1 0.5001230679376734 0.2071812749003984 0.03159717152333062 0.03463147410358562
1 0.40895267099142696 0.40852589641434267 0.07791243403349943 0.11198207171314738
5 0.47079535262092986 0.5728087649402391 0.2120523143029975 0.3907270916334661
1 0.7005694499488956 0.25678286852589643 0.04143426294820729 0.04281872509960163
1 0.6741703343693289 0.2089342629482072 0.033057299597421826 0.03228087649402393
3 0.2154731857908679 0.5716434262948208 0.048276005923948186 0.10242031872509952
1 0.7421205231430301 0.30843625498007976 0.05496756429778286 0.05628486055776894
1 0.5172357689660207 0.18280876494023907 0.030245510106172182 0.03851593625498009
1 0.4783713314282139 0.17522908366533865 0.024371623453828643 0.028047808764940285
1 0.4265493001814731 0.26261952191235066 0.04607329842931943 0.06094621513944218
1 0.4228864646127532 0.17070717131474103 0.03510982249014413 0.02777888446215139
5 0.934740618677124 0.6090239043824701 0.12845789616403508 0.28523904382470117
3 0.3026219728416178 0.4677589641434263 0.03233140735487371 0.07798804780876492
1 0.9684737489831251 0.1610756972111554 0.03208109968502956 0.020298804780876503
1 0.7807179658330031 0.3727988047808765 0.06913497841096344 0.09391434262948208
6 0.7250161657036776 0.43273904382470124 0.09399053002649102 0.12401394422310759
6 0.7255000938653762 0.6104482071713148 0.13676811080286197 0.21593625498007968
3 0.3089631004776705 0.3825996015936255 0.022335787739096 0.06665338645418319
3 0.48912621764251896 0.3352788844621514 0.025114202874366418 0.05241035856573705
3 0.3769299764293611 0.26801792828685256 0.018748044471329356 0.041762948207171274
3 0.48472914624225616 0.2957370517928287 0.02296155691370633 0.049382470119521925
3 0.490244258567823 0.25772908366533864 0.017121044617342117 0.04265936254980082
5 0.45001981602386265 0.19156374501992035 0.034859514820299885 0.058396414342629474
6 0.02855176154022653 0.5494123505976096 0.05710352308045306 0.16040836653386445
0 0.2068041968252644 0.3315338645418327 0.18475209111199187 0.19351593625498004
0 0.5661876055985482 0.23422310756972112 0.06461275317577854 0.11284860557768923
3 0.5358670031914228 0.13253984063745022 0.008310214638827005 0.019830677290836672
3 0.5128303539767631 0.11585657370517928 0.0075509480402994695 0.016225099601593632
3 0.5268058655430634 0.15237051792828685 0.008310214638827005 0.020737051792828667
1 0.5052794059364636 0.1525996015936255 0.01888154189524626 0.02298804780876491
1 0.5672138670449094 0.14515936254980083 0.020391731503306157 0.022539840637450168
1 0.6189858367576814 0.14431274900398405 0.022919838968732422 0.025816733067729084