3 0.6278317152103561 0.6413937702828394 0.056094929881337664 0.13548542563277963
5 0.3601078748651564 0.8487729515599066 0.33544768069039904 0.2974914026660181
3 0.5668824163969796 0.7884098704375576 0.10463861920172608 0.25079217085216643
1 0.10248112189859764 0.4778023255028343 0.17907227615965482 0.25511617379789336
1 0.06951456310679613 0.27189330522731414 0.11474649406688242 0.16367792483891963
1 0.030204962243797196 0.059094706924935764 0.06040992448759439 0.09801073343647883
1 0.1495361380798274 0.08578821844322382 0.05099244875943905 0.08326588339154974
6 0.20654800431499462 0.10668756601423769 0.0951564185544768 0.13594665261365707
1 0.23901833872707662 0.15788376089164546 0.10485436893203888 0.13244421022761826
1 0.2996655879180151 0.2660126612211255 0.10211434735706577 0.15820085444099877
6 0.395512405609493 0.3366380426679999 0.164789644012945 0.21805946855301292
6 0.45092772384034524 0.5039769566676351 0.17895361380798272 0.2974914026660181
3 0.747562028047465 0.6285947215634875 0.04409924487594399 0.23600408077778