5 0.26285714285714284 0.20335345405767938 0.5257142857142857 0.1770623742454728
5 0.8534571428571427 0.3837317236753856 0.18726428571428572 0.34408048289738424
1 0.6816428571428571 0.7353990610328638 0.3549785714285713 0.5179020791415158
6 0.5297857142857143 0.46691884641180414 0.21374285714285718 0.28884775318578143
3 0.4757071428571429 0.6978832997987928 0.12412857142857145 0.33745942320590216
5 0.6376928571428572 0.28701274312541913 0.11657857142857146 0.17568879946344731
5 0.7246071428571429 0.24208182427900735 0.08374285714285712 0.12030583501006031
3 0.7059785714285713 0.3348517773306506 0.04138571428571432 0.11722602280348758
1 0.9790071428571429 0.2631683433936955 0.024142857142857112 0.05588732394366196
1 0.7377928571428571 0.35681824279007374 0.0864857142857142 0.12809657947686118
5 0.8183571428571428 0.20502749832327297 0.05719285714285718 0.061574782025486226
5 0.21171875 0.596244131455399 0.4234375 0.8075117370892019