1 0.757296875 0.19978703703703704 0.08243750000000016 0.10814814814814816
1 0.72503125 0.3863333333333333 0.11818229166666665 0.18166666666666664
1 0.24180729166666665 0.22468518518518515 0.0924322916666667 0.15215740740740735
0 0.5558854166666667 0.24003703703703702 0.12299479166666671 0.23523148148148149
3 0.13054166666666664 0.225037037037037 0.02589583333333336 0.11692592592592593
3 0.1687239583333333 0.19298148148148148 0.02409895833333331 0.09968518518518518
3 0.18649479166666666 0.2217222222222222 0.02147916666666667 0.1046018518518518
3 0.781609375 0.2815925925925926 0.02408333333333328 0.10106481481481479
3 0.8474583333333332 0.29930555555555555 0.037375000000000116 0.14993518518518525
3 0.846875 0.45376851851851846 0.04672395833333347 0.1695370370370371
3 0.642453125 0.1615185185185185 0.021812500000000058 0.07355555555555553