3 0.23523437499999997 0.16117592592592592 0.02539583333333333 0.07734259259259257
1 0.09875520833333333 0.27236111111111105 0.11001562499999999 0.15919444444444444
1 0.802421875 0.7428148148148147 0.200671875 0.2669259259259259
1 0.6606979166666667 0.22339814814814815 0.07496354166666652 0.12180555555555554
3 0.7745 0.2930833333333333 0.035588541666666626 0.13749074074074075
1 0.7758385416666667 0.23981481481481481 0.08060937499999996 0.10015740740740735
3 0.8787864583333332 0.47601851851851856 0.05876562499999984 0.19449999999999995
3 0.8607343749999998 0.34044444444444444 0.04319270833333313 0.13433333333333336
3 0.2332395833333333 0.24505555555555555 0.03391666666666664 0.11685185185185185
3 0.7564791666666666 0.4545185185185185 0.04479687500000011 0.1819166666666667
0 0.44804166666666667 0.6261203703703703 0.41760416666666667 0.5040000000000001