1 0.11058854166666665 0.42712037037037043 0.13679166666666664 0.17272222222222225
3 0.2727395833333333 0.17508333333333334 0.03317187500000003 0.10850000000000001
3 0.18364583333333334 0.28955555555555557 0.0359010416666667 0.1291203703703704
3 0.1013125 0.31313888888888886 0.04860416666666665 0.07668518518518523
3 0.023796875 0.386074074074074 0.045635416666666664 0.16771296296296295
5 0.13420833333333332 0.20515740740740737 0.12272916666666664 0.15939814814814812
1 0.6834739583333332 0.2718518518518519 0.08030729166666664 0.12425000000000005
1 0.6348177083333333 0.1582222222222222 0.06339062500000008 0.06875
3 0.9551145833333333 0.5343425925925926 0.06698437500000018 0.21591666666666673
0 0.5274375 0.4472962962962963 0.19913020833333342 0.5210185185185185
3 0.7361875 0.17667592592592593 0.02389583333333345 0.09228703703703707