1 0.19605208333333332 0.1669537037037037 0.06345833333333335 0.09293518518518518
3 0.7106302083333333 0.1523148148148148 0.02364062499999999 0.06277777777777777
3 0.7889531249999999 0.28959259259259257 0.04214583333333337 0.14265740740740743
3 0.9147291666666666 0.5398796296296297 0.05289062500000021 0.1948518518518518
6 0.6790468749999999 0.3319722222222222 0.09951562500000008 0.17301851851851854
1 0.6608802083333334 0.21820370370370368 0.07794270833333332 0.09354629629629632
0 0.139453125 0.5767962962962964 0.27890625 0.6434074074074075
3 0.12631770833333333 0.24535185185185185 0.03135416666666666 0.11460185185185183
6 0.25272395833333333 0.1974074074074074 0.06259375 0.14644444444444438
1 0.03723958333333333 0.2871296296296296 0.07447916666666667 0.11500000000000002
3 0.7319739583333333 0.18949074074074074 0.029416666666666737 0.10744444444444447