0 0.56496875 0.5207962962962963 0.2385 0.586712962962963
3 0.6841302083333333 0.21108333333333332 0.023635416666666666 0.11624999999999998
3 0.6596979166666666 0.15357407407407409 0.018354166666666494 0.06432407407407412
3 0.7165625 0.15253703703703703 0.022927083333333265 0.05673148148148148
3 0.16536979166666665 0.24374074074074076 0.02981770833333335 0.09548148148148149
3 0.08781770833333333 0.28759259259259257 0.033729166666666664 0.13811111111111102
1 0.16520833333333332 0.3469907407407407 0.12038541666666666 0.1617314814814814
1 0.79515625 0.2734074074074074 0.09230208333333323 0.11801851851851855
1 0.9200416666666665 0.6112962962962963 0.15991666666666654 0.2818518518518519
1 0.21580729166666668 0.1570462962962963 0.07150520833333332 0.08489814814814813
3 0.871890625 0.4066944444444444 0.03935416666666676 0.16760185185185178