1 0.02682291666666666 0.34894444444444445 0.05364583333333332 0.15067592592592594
1 0.17118229166666668 0.3163888888888889 0.11540104166666669 0.18421296296296288
4 0.14636979166666664 0.22350925925925924 0.10010937499999999 0.13421296296296295
3 0.1827552083333333 0.1669074074074074 0.026171875 0.09239814814814817
3 0.21440104166666663 0.1746944444444444 0.027395833333333376 0.09534259259259255
1 0.27104687499999996 0.16326851851851854 0.028031249999999997 0.08487037037037039
3 0.6989375 0.27416666666666667 0.029484375000000007 0.12477777777777774
3 0.7384479166666666 0.23948148148148146 0.024171874999999864 0.12937962962962965
3 0.7803697916666665 0.21237037037037038 0.03485416666666676 0.09469444444444443
3 0.7605104166666667 0.28977777777777775 0.030546875000000105 0.13057407407407406
0 0.793125 0.7430000000000001 0.3565624999999999 0.2628425925925925
3 0.8267552083333332 0.3229166666666667 0.028776041666666786 0.1314074074074074
6 0.6561406249999999 0.17598148148148146 0.06832812500000003 0.1090185185185185
3 0.9015520833333334 0.4859722222222222 0.05133854166666687 0.19102777777777774