4 0.06427604166666666 0.4501481481481482 0.128546875 0.24323148148148135
1 0.07953124999999998 0.26351851851851854 0.12010416666666668 0.15111111111111114
0 0.242921875 0.1942685185185185 0.08428125 0.14015740740740737
3 0.17746354166666667 0.18474999999999997 0.028057291666666685 0.10251851851851845
3 0.19596354166666666 0.16171296296296298 0.02176562499999999 0.07687962962962966
3 0.6330937499999999 0.16384259259259257 0.02350520833333345 0.08313888888888889
1 0.6823437499999999 0.3186296296296296 0.09468229166666671 0.20389814814814816
3 0.6527864583333333 0.1426574074074074 0.02307291666666682 0.04827777777777777
3 0.7029427083333333 0.1571759259259259 0.020588541666666772 0.07269444444444441
5 0.9003802083333333 0.385 0.1992395833333333 0.3638425925925925
1 0.7303020833333334 0.6203148148148148 0.1663333333333334 0.29148148148148134