6 0.42494859756831593 0.6146948356807512 0.5798521728662572 0.33618779342723004
6 0.4100175755387024 0.08150234741784038 0.08082629107981221 0.08993427230046948
6 0.45676754544360176 0.08337089201877936 0.1495259419766462 0.11927699530516431
6 0.04154183218971952 0.10609389671361501 0.08307596003370653 0.106093896713615
6 0.5619164560009631 0.05673239436619718 0.12018008908149747 0.07282629107981219
6 0.13595088479595524 0.06459154929577465 0.20760130010834235 0.11436619718309857
6 0.8636571566149033 0.05245070422535211 0.09102684482966188 0.10274178403755867
6 0.083592151197785 0.1859154929577465 0.16718430239557 0.06760563380281687
6 0.33115589262068135 0.1624413145539906 0.2632343806428313 0.07824413145539903
6 0.18582111472252316 0.23283568075117372 0.25113085349705067 0.06287323943661972
6 0.20881858673407971 0.1360469483568075 0.26946719634043576 0.07443192488262908
6 0.5721863488624052 0.2562910798122066 0.12018008908149747 0.07498591549295777
6 0.8547008547008547 0.240625 0.2905982905982906 0.09791666666666667