6 0.5638307692307694 0.617573813420622 0.1409461538461539 0.2830454991816694
6 0.7659461538461538 0.6502756137479542 0.2081615384615386 0.3312916530278232
6 0.4302769230769231 0.760028805237316 0.2927615384615384 0.2907234042553191
6 0.5158538461538462 0.6156255319148938 0.25734615384615384 0.29297545008183307
6 0.5870692307692308 0.2066330605564648 0.3177461538461538 0.22913256955810143
6 0.2782538461538462 0.1137126022913257 0.13960769230769232 0.1573708674304419
6 0.36760769230769236 0.25719410801963993 0.15905384615384616 0.2232039279869067
6 0.21911538461538466 0.2659613747954173 0.18420769230769235 0.15791554828150575
6 0.11633076923076924 0.13879934533551555 0.17273076923076922 0.2551515548281506
6 0.05166923076923078 0.23288248772504094 0.1008923076923077 0.25316137479541734
6 0.22387692307692308 0.45810801963993464 0.42602307692307695 0.2601374795417348
6 0.5517615384615385 0.08709656301145664 0.177246153846154 0.16913387888707035
6 0.3769538461538462 0.10745924713584289 0.15796153846153843 0.21260360065466444
6 0.7300000000000001 0.05394435351882161 0.156923076923077 0.10788870703764322
6 0.8412923076923079 0.17357512274959086 0.31264615384615385 0.1006088379705401
6 0.8394153846153847 0.27583895253682483 0.32116923076923076 0.20908412438625204
6 0.7412076923076923 0.5216052373158757 0.365723076923077 0.262630441898527
6 0.15503076923076922 0.702795417348609 0.3049307692307693 0.3816536824877251