2 0.4502604166666666 0.3011574074074074 0.0723958333333334 0.22453703703703698
2 0.13671875 0.7071759259259258 0.2734375 0.5050925925925926
3 0.6268229166666666 0.3300925925925926 0.03489583333333339 0.1046296296296296
3 0.5205729166666666 0.31504629629629627 0.025520833333333392 0.11157407407407409
3 0.6901041666666666 0.2983796296296296 0.03125 0.09120370370370365
3 0.375 0.39120370370370366 0.030208333333333302 0.10833333333333334
6 0.51953125 0.10625 0.05364583333333339 0.10138888888888889
3 0.6573645833333334 0.5142962962962964 0.049911458333333235 0.13188888888888894
3 0.74609375 0.4064629629629629 0.048677083333333294 0.11018518518518519
3 0.48852604166666663 0.670574074074074 0.05319270833333345 0.15342592592592588
6 0.43847916666666664 0.026379629629629628 0.030729166666666606 0.049694444444444444
1 0.5551770833333334 0.016481481481481482 0.03044270833333318 0.03265740740740741