2 0.42697916666666663 0.10241666666666666 0.01820833333333329 0.03404629629629631
3 0.4937239583333334 0.13094444444444442 0.007546875000000064 0.024685185185185195
1 0.24869791666666666 0.5430555555555555 0.1598958333333333 0.29537037037037034
6 0.3221354166666667 0.3458333333333333 0.0807291666666667 0.16574074074074074
6 0.4229166666666666 0.4097222222222222 0.08020833333333335 0.21574074074074068
1 0.38776041666666666 0.7541666666666667 0.13802083333333331 0.4027777777777778
1 0.35885416666666664 0.274537037037037 0.044791666666666695 0.08055555555555556
2 0.38125 0.199537037037037 0.040625 0.08611111111111111
0 0.42421875 0.23009259259259257 0.06614583333333335 0.18240740740740738
1 0.5822916666666667 0.5018518518518518 0.09791666666666661 0.18703703703703697
3 0.5703125 0.2808148148148148 0.016281250000000115 0.06488888888888893
3 0.49234895833333325 0.14924074074074073 0.0070468749999999854 0.030703703703703688
1 0.41834375 0.12921296296296297 0.01978124999999995 0.030694444444444437