0 0.525 0.7064814814814814 0.24895833333333323 0.587037037037037
6 0.6997395833333333 0.49444444444444446 0.1192708333333334 0.22592592592592586
1 0.5721354166666666 0.4092592592592592 0.06614583333333339 0.14814814814814808
1 0.42109375 0.4791666666666667 0.07239583333333335 0.14722222222222223
3 0.3419270833333333 0.42470370370370364 0.0380208333333333 0.09134259259259257
3 0.4194375 0.3487407407407407 0.024479166666666607 0.09140740740740745
3 0.4559895833333333 0.28887962962962965 0.019270833333333393 0.07224074074074073
3 0.55546875 0.27077777777777773 0.0171875 0.06399999999999997
3 0.621875 0.24301851851851847 0.016666666666666607 0.0621018518518519
1 0.5239583333333333 0.22037037037037036 0.0375 0.05925925925925928
2 0.4994791666666666 0.3185185185185185 0.05833333333333339 0.15185185185185188
1 0.556640625 0.12771296296296297 0.023192708333333378 0.04234259259259261
1 0.5473645833333334 0.15544444444444444 0.026411458333333294 0.0579444444444444
6 0.5146510416666666 0.11099999999999999 0.02059895833333325 0.04300000000000001
2 0.49292187499999995 0.09147222222222222 0.020291666666666687 0.03954629629629629
1 0.5444322916666666 0.08105555555555556 0.015489583333333279 0.03252777777777776
3 0.5654322916666666 0.07365740740740741 0.005890624999999971 0.023259259259259264
2 0.5454114583333334 0.0632037037037037 0.015130208333333428 0.025990740740740727
3 0.46704166666666663 0.21245370370370367 0.012338541666666637 0.05075000000000003
6 0.37559375 0.18706481481481482 0.08651562499999996 0.07855555555555555
3 0.47680729166666663 0.25122222222222224 0.01423958333333335 0.062046296296296315