6 0.5807291666666666 0.27685185185185185 0.075 0.1703703703703703
6 0.49140625 0.2907407407407407 0.05989583333333339 0.16111111111111112
3 0.4463541666666666 0.2412037037037037 0.021875 0.07129629629629627
3 0.35234375 0.24490740740740738 0.021354166666666695 0.06574074074074071
2 0.3421875 0.49027777777777776 0.128125 0.36944444444444446
5 0.39609375 0.23518518518518516 0.05364583333333335 0.13333333333333333
2 0.8231770833333332 0.7851851851851851 0.3536458333333332 0.42962962962962953
1 0.43176041666666665 0.10937962962962963 0.0293333333333333 0.05341666666666665
2 0.39375 0.09212962962962962 0.027083333333333348 0.05462962962962963
3 0.349546875 0.09911111111111111 0.009427083333333286 0.03642592592592592
3 0.3668645833333333 0.09443518518518518 0.011057291666666646 0.037388888888888874
0 0.41365625 0.05232407407407407 0.03546874999999994 0.060907407407407396
3 0.41329166666666667 0.09350925925925924 0.007718749999999908 0.03431481481481482