1 0.6401041666666666 0.568287037037037 0.1114583333333334 0.22916666666666666
1 0.8973958333333332 0.8638888888888889 0.20520833333333321 0.2722222222222222
3 0.3453125 0.5344907407407408 0.034375 0.11712962962962968
3 0.5169270833333333 0.40300925925925923 0.0234375 0.10046296296296298
3 0.4729166666666666 0.3571759259259259 0.019791666666666607 0.08101851851851853
5 0.5276041666666667 0.20949074074074073 0.034375 0.0578703703703704
2 0.4723958333333333 0.2263888888888889 0.03645833333333339 0.08796296296296294
1 0.4828125 0.1638888888888889 0.025 0.0425925925925926
3 0.26843229166666666 0.8289629629629628 0.06209375000000002 0.25874074074074066
1 0.5690104166666666 0.31875 0.0546875 0.0875
2 0.443359375 0.1510462962962963 0.022505208333333294 0.04180555555555555
2 0.4221458333333333 0.13250925925925927 0.03423958333333328 0.03770370370370372
2 0.39616145833333327 0.12235185185185184 0.023822916666666628 0.02745370370370368
3 0.527078125 0.16904629629629628 0.010244791666666763 0.030296296296296335