2 0.15494791666666666 0.8375 0.3088541666666667 0.325
1 0.39453125 0.3810185185185185 0.07135416666666665 0.11574074074074076
3 0.5315104166666667 0.4092592592592592 0.0265625 0.09259259259259255
5 0.6057291666666667 0.3388888888888889 0.06875 0.18148148148148144
6 0.5658854166666666 0.17777777777777778 0.0390625 0.07407407407407404
0 0.5052083333333333 0.22407407407407404 0.0645833333333334 0.1981481481481481
1 0.5537135416666666 0.11018518518518518 0.024046874999999978 0.03865740740740742
2 0.5268541666666666 0.13758333333333334 0.026062499999999923 0.053518518518518514
3 0.48266666666666663 0.09320370370370369 0.007843749999999972 0.02297222222222221
3 0.5615260416666666 0.06282407407407406 0.004791666666666572 0.020453703703703714
1 0.5146510416666666 0.08897222222222223 0.016281249999999935 0.028481481481481472
1 0.5336927083333334 0.065 0.013791666666666735 0.02244444444444444
3 0.5247395833333333 0.09656481481481483 0.006453124999999993 0.02706481481481479
6 0.3708489583333333 0.18250925925925926 0.07318229166666668 0.07649999999999998
1 0.4418958333333333 0.08637037037037038 0.027526041666666678 0.02984259259259257
1 0.5439479166666666 0.07769444444444444 0.014901041666666792 0.03075925925925926
2 0.49926562499999994 0.04738888888888888 0.0112916666666667 0.02314814814814815
3 0.5025989583333332 0.11018518518518518 0.008937500000000043 0.026694444444444444