3 0.6322916666666666 0.524074074074074 0.046875 0.15
3 0.6231770833333333 0.3402777777777778 0.0265625 0.08796296296296298
2 0.4848958333333333 0.28379629629629627 0.053125 0.12870370370370365
2 0.409375 0.22824074074074072 0.03645833333333335 0.08796296296296294
5 0.45572916666666663 0.18564814814814815 0.05 0.11388888888888889
1 0.5091145833333333 0.1759259259259259 0.0296875 0.05370370370370371
3 0.4044270833333333 0.16157407407407404 0.008854166666666653 0.036111111111111094
1 0.4512656249999999 0.6435185185185185 0.0989583333333334 0.287037037037037
2 0.41013020833333336 0.12435185185185185 0.02418750000000003 0.03184259259259257
1 0.4431145833333333 0.11773148148148148 0.015015625000000022 0.02599074074074075
1 0.4301770833333333 0.10145370370370368 0.012380208333333264 0.01975925925925925
3 0.42676041666666664 0.15125925925925926 0.009302083333333221 0.028481481481481472
3 0.47680729166666663 0.1559074074074074 0.008255208333333286 0.04694444444444444
1 0.5004895833333334 0.14833333333333332 0.021651041666666693 0.03271296296296294