1 0.46745833333333325 0.11620370370370368 0.023552083333333407 0.046999999999999965
1 0.45466666666666666 0.1657962962962963 0.03332291666666674 0.06439814814814816
1 0.1903645833333333 0.5601851851851851 0.2046875 0.35555555555555546
1 0.42447916666666663 0.4222222222222222 0.08958333333333335 0.21481481481481476
1 0.340625 0.3111111111111111 0.078125 0.14259259259259255
5 0.37916666666666665 0.20833333333333334 0.058333333333333307 0.09814814814814811
2 0.40234375 0.13796296296296295 0.04010416666666665 0.07962962962962965
5 0.4348958333333333 0.28194444444444444 0.06354166666666661 0.11018518518518516
1 0.44453125 0.20972222222222223 0.04010416666666661 0.06944444444444445
3 0.4325520833333333 0.14444444444444443 0.015104166666666608 0.05
2 0.7158854166666666 0.5268518518518518 0.1786458333333333 0.28518518518518526
2 0.5591145833333333 0.15462962962962962 0.0390625 0.06851851851851853
1 0.5078125 0.0804537037037037 0.02052083333333332 0.03518518518518519
2 0.4392083333333333 0.06251851851851851 0.0269166666666667 0.04274999999999999