3 0.14947916666666666 0.5583333333333333 0.06354166666666665 0.19074074074074063
2 0.3247395833333333 0.3050925925925926 0.0796875 0.18240740740740738
1 0.4143229166666666 0.34074074074074073 0.05989583333333335 0.1592592592592592
6 0.4260416666666666 0.21666666666666667 0.04166666666666661 0.10740740740740738
1 0.58125 0.524537037037037 0.10520833333333339 0.20462962962962952
1 0.4958333333333333 0.2125 0.034375 0.06018518518518516
1 0.34765625 0.8943148148148148 0.1571041666666666 0.21137037037037046
1 0.48144791666666664 0.15733333333333333 0.025083333333333437 0.03878703703703701
1 0.43188541666666663 0.16916666666666663 0.028166666666666628 0.05935185185185187
6 0.38501041666666663 0.16949074074074075 0.031312499999999896 0.07074999999999998
2 0.4907239583333333 0.10145370370370368 0.017104166666666566 0.030407407407407414