1 0.5385416666666666 0.30925925925925923 0.05 0.11481481481481484
6 0.4611979166666666 0.2708333333333333 0.052604166666666605 0.09722222222222222
1 0.5815104166666666 0.8333333333333334 0.1453125 0.3333333333333333
3 0.7497395833333333 0.8060185185185185 0.04947916666666661 0.16944444444444445
3 0.7619791666666667 0.6680555555555555 0.0677083333333334 0.13981481481481484
1 0.60859375 0.44259259259259254 0.0859375 0.14259259259259255
2 0.4661458333333333 0.17129629629629628 0.03645833333333339 0.07592592592592591
2 0.4872395833333333 0.11018518518518518 0.0265625 0.05185185185185186
1 0.59609375 0.24537037037037035 0.0453125 0.0796296296296296
1 0.55546875 0.16805555555555557 0.0296875 0.06018518518518516
3 0.5427083333333333 0.2111111111111111 0.01875 0.04259259259259262
3 0.5666666666666667 0.5324074074074073 0.04375 0.12222222222222222
6 0.5537135416666666 0.07329629629629629 0.017380208333333334 0.036842592592592587
6 0.5090572916666666 0.07411111111111111 0.019562499999999972 0.03754629629629629
2 0.5584010416666667 0.12710185185185185 0.02627083333333342 0.05330555555555555
2 0.5375989583333334 0.0482037037037037 0.014734374999999921 0.027111111111111107
6 0.378171875 0.18120370370370367 0.07824479166666665 0.0798611111111111