3 0.49609375 0.19846296296296295 0.008375000000000021 0.027740740740740694
5 0.4252604166666666 0.6851851851851851 0.12864583333333335 0.47407407407407415
1 0.6231770833333333 0.6138888888888889 0.1067708333333334 0.22037037037037038
1 0.4817708333333333 0.2773148148148148 0.0375 0.07870370370370373
2 0.43532291666666667 0.1796296296296296 0.022734375000000105 0.0425925925925926
3 0.4653645833333333 0.23703703703703702 0.0109375 0.03703703703703706
3 0.46191666666666664 0.16655555555555554 0.00806249999999995 0.020777777777777787
3 0.4743645833333333 0.1674259259259259 0.006692708333333286 0.019296296296296273
3 0.53046875 0.2634259259259259 0.0140625 0.041666666666666664
3 0.4965833333333333 0.2164722222222222 0.00912500000000005 0.032472222222222215
3 0.49169791666666657 0.16416666666666668 0.006614583333333357 0.019907407407407422
3 0.5336927083333334 0.17903703703703705 0.006718750000000107 0.019675925925925934
3 0.5346666666666666 0.2105 0.01061458333333345 0.03227777777777779
3 0.7221666666666666 0.5086851851851851 0.033265624999999945 0.08701851851851848
3 0.5268541666666666 0.16710185185185186 0.007546875000000064 0.023407407407407436
3 0.5229479166666666 0.23220370370370372 0.010567708333333314 0.033990740740740696
1 0.451171875 0.14487962962962964 0.013276041666666672 0.024583333333333356