2 0.4197916666666666 0.4782407407407407 0.08854166666666666 0.2638888888888889
1 0.4744791666666666 0.2550925925925926 0.03229166666666661 0.06759259259259262
1 0.49375 0.21064814814814814 0.027083333333333393 0.05092592592592595
1 0.5229166666666666 0.19907407407407404 0.027083333333333393 0.048148148148148155
3 0.4234375 0.3074074074074074 0.016666666666666607 0.05925925925925928
3 0.4455729166666666 0.24675925925925923 0.011979166666666607 0.045370370370370394
3 0.4330729166666666 0.23657407407407405 0.0109375 0.03611111111111111
3 0.4627604166666666 0.21666666666666667 0.0078125 0.031481481481481506
3 0.49140625 0.36851851851851847 0.0265625 0.08333333333333333
3 0.7127604166666666 0.8851851851851851 0.0963541666666666 0.22962962962962952
3 0.71484375 0.5851851851851851 0.0453125 0.16851851851851857
3 0.46386979166666664 0.19639814814814816 0.008781250000000008 0.03227777777777779
3 0.43456770833333336 0.20789814814814814 0.009015624999999972 0.03481481481481481
3 0.48972395833333326 0.17197222222222222 0.005776041666666565 0.025398148148148163
3 0.509765625 0.17805555555555555 0.0067708333333333925 0.021101851851851865
3 0.49910416666666657 0.18341666666666667 0.011031250000000093 0.025296296296296282
3 0.45727604166666663 0.15252777777777776 0.005749999999999922 0.02360185185185186
6 0.47411979166666657 0.15158333333333335 0.01616145833333338 0.03260185185185185
2 0.4138177083333333 0.15212962962962961 0.019562499999999972 0.0361574074074074
3 0.40698437499999995 0.19541666666666666 0.008375000000000021 0.02548148148148144