1 0.43359375 0.5143518518518518 0.07864583333333335 0.18981481481481477
1 0.3911458333333333 0.3388888888888889 0.059375 0.09629629629629631
2 0.18671875 0.7476851851851851 0.2807291666666666 0.5046296296296295
1 0.4769322916666667 0.28571296296296295 0.03125 0.06349074074074079
3 0.3745104166666666 0.2938333333333333 0.02002083333333333 0.055259259259259216
1 0.453125 0.20941666666666664 0.023604166666666693 0.04006481481481477
3 0.42714583333333334 0.21458333333333332 0.010364583333333321 0.040694444444444464
3 0.4165052083333333 0.2745185185185185 0.012723958333333308 0.04712037037037038
1 0.48168749999999994 0.23025 0.03049999999999997 0.05037037037037035
1 0.48856770833333324 0.19465740740740736 0.019609375000000106 0.035129629629629636
1 0.47485416666666663 0.16503703703703704 0.012921874999999972 0.020074074074074095