6 0.486109375 0.1319722222222222 0.021864583333333344 0.034129629629629656
1 0.4346666666666666 0.11609259259259258 0.016218749999999994 0.027944444444444452
3 0.80234375 0.6282407407407408 0.0661458333333333 0.1768518518518519
3 0.6778645833333333 0.662037037037037 0.052604166666666605 0.18888888888888888
3 0.6841145833333333 0.4268518518518518 0.031770833333333394 0.10925925925925921
1 0.5135416666666666 0.39768518518518514 0.0625 0.15833333333333333
3 0.44140625 0.42731481481481476 0.027604166666666607 0.09537037037037031
3 0.56328125 0.3817407407407407 0.0265625 0.09392592592592593
3 0.4268229166666666 0.30972222222222223 0.0203125 0.054629629629629604
2 0.4177083333333333 0.24490740740740738 0.04166666666666665 0.09537037037037031
6 0.4953125 0.22777777777777777 0.03645833333333339 0.08888888888888889
6 0.5276041666666667 0.19675925925925924 0.03541666666666661 0.06944444444444445
6 0.4815104166666666 0.17037037037037037 0.0296875 0.05185185185185182
2 0.4416666666666666 0.18379629629629626 0.029166666666666608 0.06018518518518516
2 0.4486979166666666 0.14722222222222223 0.027604166666666607 0.048148148148148134
3 0.621609375 0.37782407407407403 0.025265625000000114 0.04712037037037035
3 0.4528645833333333 0.23995370370370367 0.011546874999999979 0.053138888888888874
1 0.41674999999999995 0.12814814814814815 0.013791666666666735 0.025787037037037032