1 0.3859375 0.4925925925925925 0.10208333333333335 0.237037037037037
6 0.359375 0.24629629629629626 0.0645833333333333 0.11666666666666667
2 0.30104166666666665 0.37546296296296294 0.1125 0.237962962962963
3 0.26588541666666665 0.30925925925925923 0.028645833333333304 0.0703703703703704
3 0.4208333333333333 0.18730555555555553 0.013541666666666608 0.04947222222222223
1 0.3919270833333333 0.20648148148148146 0.03072916666666665 0.06481481481481483
6 0.43515625 0.28194444444444444 0.05364583333333339 0.15462962962962964
3 0.646578125 0.4293611111111111 0.03229166666666661 0.10423148148148158
5 0.56484375 0.22916666666666666 0.052604166666666605 0.10277777777777777
1 0.5104166666666666 0.19027777777777777 0.029166666666666608 0.054629629629629604
1 0.5255208333333333 0.1361111111111111 0.022916666666666606 0.03703703703703702
1 0.4979166666666666 0.1375 0.022916666666666606 0.0398148148148148
1 0.48461979166666663 0.11371296296296296 0.018432291666666777 0.025685185185185193
1 0.405484375 0.13367592592592592 0.02512500000000002 0.04812962962962963
1 0.4476510416666667 0.14918518518518517 0.028442708333333223 0.05150925925925923
3 0.41528124999999994 0.11881481481481479 0.008124999999999893 0.028046296296296288
1 0.42734375 0.08113888888888889 0.01889583333333338 0.027888888888888887