5 0.4265989583333333 0.1100185185185185 0.02240625000000005 0.04897222222222221
1 0.29322916666666665 0.8194444444444444 0.1802083333333333 0.3611111111111111
1 0.49375 0.41481481481481475 0.065625 0.15555555555555556
1 0.4515625 0.1736111111111111 0.021875 0.039814814814814824
6 0.4619791666666666 0.23472222222222222 0.033333333333333395 0.07314814814814817
2 0.4091145833333333 0.1597222222222222 0.024479166666666653 0.05648148148148149
1 0.4356770833333333 0.14259259259259258 0.019270833333333393 0.03703703703703702
3 0.4377604166666666 0.32870370370370366 0.0203125 0.07222222222222219
3 0.52734375 0.28657407407407404 0.0171875 0.06944444444444445
3 0.5609375 0.20092592592592592 0.014583333333333393 0.04629629629629627
3 0.4799479166666666 0.3101851851851852 0.01822916666666661 0.06481481481481484
3 0.43828125 0.5648148148148148 0.03802083333333339 0.1518518518518519
1 0.4526770833333333 0.11655555555555554 0.014322916666666607 0.024157407407407384
3 0.407203125 0.10814814814814813 0.005828125000000029 0.02154629629629632