6 0.5370052083333332 0.06464814814814814 0.018088541666666735 0.018805555555555565
0 0.496875 0.37870370370370365 0.11875 0.37407407407407395
1 0.28854166666666664 0.6828703703703703 0.1489583333333333 0.2861111111111111
5 0.63046875 0.8532407407407406 0.1734375 0.2916666666666667
6 0.6033854166666666 0.2523148148148148 0.05989583333333339 0.11018518518518516
1 0.5526041666666666 0.1699074074074074 0.034375 0.06574074074074075
2 0.5122395833333333 0.16111111111111112 0.03385416666666661 0.05370370370370371
1 0.5053697916666666 0.11751851851851854 0.023421875000000016 0.038435185185185204
3 0.46215624999999994 0.11262962962962964 0.0089479166666667 0.03314814814814812
6 0.51953125 0.05547222222222222 0.013479166666666664 0.02774074074074074
3 0.49217187500000004 0.13890740740740742 0.009635416666666608 0.04489814814814817
3 0.4848645833333333 0.15755555555555556 0.011197916666666608 0.04871296296296295
2 0.49121354166666664 0.0501574074074074 0.012968750000000107 0.027111111111111107
3 0.572265625 0.09369444444444444 0.006744791666666572 0.029620370370370384
1 0.529296875 0.03784259259259259 0.01146875000000005 0.02360185185185184
1 0.540265625 0.09016666666666664 0.018614583333333278 0.04069444444444442
6 0.36328125 0.17317592592592593 0.08081250000000004 0.07779629629629628