5 0.42400000000000004 0.08046296296296297 0.020255208333333385 0.03992592592592593
3 0.463609375 0.08964814814814813 0.006890624999999951 0.019592592592592585
3 0.47249479166666664 0.09160185185185185 0.005921874999999943 0.017148148148148155
1 0.7044270833333333 0.6203703703703703 0.1442708333333334 0.29074074074074063
2 0.4229166666666666 0.19120370370370368 0.034375 0.08240740740740739
1 0.4861979166666666 0.23518518518518516 0.04010416666666661 0.1
2 0.4611979166666666 0.16944444444444445 0.0359375 0.07592592592592594
3 0.43984375 0.16296296296296295 0.009895833333333392 0.03703703703703702
3 0.40250520833333325 0.1783333333333333 0.013541666666666652 0.0425925925925926
2 0.4716145833333333 0.11666666666666667 0.027604166666666607 0.048148148148148134
2 0.43125 0.1023148148148148 0.017708333333333392 0.0398148148148148
3 0.45210416666666664 0.0709074074074074 0.004822916666666721 0.017388888888888884
3 0.45623958333333337 0.07519444444444444 0.00454687499999995 0.0186111111111111