1 0.6690104166666666 0.649537037037037 0.1567708333333334 0.2731481481481482
1 0.45859375 0.7034722222222223 0.1234375 0.3217592592592593
2 0.2731770833333333 0.48032407407407407 0.1703125 0.2606481481481481
2 0.41276041666666663 0.1949074074074074 0.05885416666666665 0.112037037037037
2 0.5283854166666666 0.3993055555555556 0.061979166666666606 0.1467592592592592
2 0.62578125 0.38819444444444445 0.0838541666666666 0.13009259259259254
2 0.5331875 0.24375 0.04427083333333339 0.10787037037037031
2 0.5185572916666666 0.07232407407407407 0.023375000000000055 0.05663888888888887
1 0.46972916666666664 0.1293425925925926 0.03359895833333333 0.07752777777777776
1 0.5341822916666666 0.1309722222222222 0.03149479166666662 0.07682407407407407
6 0.3515625 0.13682407407407407 0.08227604166666672 0.08881481481481485