5 0.5002604166666667 0.7717592592592593 0.1296875 0.4564814814814815
3 0.4341145833333333 0.5199074074074074 0.02864583333333339 0.12870370370370365
2 0.4658854166666666 0.30277777777777776 0.0723958333333334 0.15370370370370365
0 0.4669270833333333 0.1796296296296296 0.0578125 0.14444444444444443
3 0.4067708333333333 0.27175925925925926 0.01875 0.07129629629629627
3 0.34453125 0.29266666666666663 0.019270833333333303 0.07948148148148151
3 0.2947916666666667 0.4147314814814815 0.029166666666666695 0.1223796296296296
1 0.3611979166666667 0.5143518518518518 0.0973958333333333 0.21018518518518522
3 0.39917187499999995 0.14941666666666667 0.010406249999999995 0.03526851851851853
2 0.39444270833333334 0.10783333333333331 0.03055729166666672 0.041898148148148136
3 0.43628124999999995 0.12912037037037036 0.007119791666666764 0.031981481481481486
3 0.42211979166666663 0.09852777777777777 0.007062499999999972 0.022879629629629625
1 0.4333489583333333 0.08078703703703702 0.02372916666666658 0.020305555555555552
6 0.47876041666666663 0.12749999999999997 0.029708333333333316 0.049425925925925894