2 0.46640625 0.3013888888888889 0.0671875 0.15648148148148142
2 0.39453125 0.10601851851851851 0.03072916666666665 0.041666666666666664
3 0.294921875 0.4175925925925925 0.02784895833333332 0.11284259259259259
3 0.40625 0.27148148148148143 0.017515625000000055 0.06879629629629626
3 0.43457291666666664 0.5211296296296297 0.02769270833333337 0.13204629629629622
3 0.3454583333333333 0.29354629629629625 0.018796874999999956 0.07849074074074072
6 0.47876041666666663 0.1268425925925926 0.02958854166666658 0.04774074074074074
0 0.46777604166666664 0.17719444444444443 0.057375000000000044 0.14496296296296293
3 0.43628124999999995 0.12868518518518518 0.006906249999999936 0.03125
3 0.4223645833333333 0.09830555555555556 0.007010416666666686 0.02323148148148147
3 0.39917187499999995 0.15017592592592593 0.010057291666666624 0.03309259259259261
3 0.3559583333333333 0.10877777777777776 0.006744791666666661 0.02628703703703705
3 0.39140625 0.07393518518518517 0.0076927083333333535 0.021027777777777777
3 0.36838541666666663 0.07269444444444445 0.00684895833333341 0.023416666666666645
4 0.5016354166666666 0.7680833333333333 0.15302083333333324 0.4638333333333334
1 0.35815624999999995 0.5138888888888888 0.09185937500000008 0.20193518518518516