3 0.4643229166666666 0.26805555555555555 0.011979166666666607 0.05277777777777778
1 0.47421875 0.3388888888888889 0.047395833333333394 0.08888888888888889
1 0.5356770833333333 0.46203703703703697 0.07135416666666661 0.1407407407407408
5 0.8549479166666666 0.8125 0.2901041666666667 0.375
2 0.42447916666666663 0.22453703703703703 0.03229166666666661 0.06944444444444445
6 0.4665520833333333 0.13953703703703701 0.016786458333333344 0.030194444444444458
3 0.45190624999999995 0.1510462962962963 0.005343749999999936 0.022351851851851852
2 0.43115104166666657 0.17317592592592593 0.023770833333333387 0.03900925925925925
3 0.3903802083333333 0.18771296296296291 0.008645833333333287 0.029157407407407417
1 0.42919791666666657 0.13834259259259257 0.011067708333333393 0.019231481481481478
1 0.43825000000000003 0.12740740740740739 0.009682291666666565 0.015592592592592583
3 0.4599010416666666 0.2341851851851851 0.010739583333333335 0.04407407407407409