6 0.321875 0.7173611111111111 0.20104166666666662 0.3662037037037036
2 0.55234375 0.47962962962962963 0.0765625 0.2222222222222222
2 0.3661458333333333 0.38680555555555557 0.11145833333333335 0.19768518518518513
1 0.7453125 0.6657407407407406 0.171875 0.27222222222222214
6 0.3791510416666667 0.1701388888888889 0.08270312500000002 0.07883333333333332
6 0.5517604166666666 0.19607407407407404 0.04037500000000005 0.0884907407407407
1 0.49609375 0.1164259259259259 0.022322916666666616 0.03499074074074073
2 0.533203125 0.15646296296296294 0.031203125000000043 0.07058333333333336
3 0.5078125 0.02815740740740741 0.004848958333333364 0.01554629629629629
1 0.5473645833333334 0.015018518518518518 0.007786458333333179 0.0174537037037037
1 0.5654322916666666 0.007462962962962963 0.009859374999999915 0.01384259259259259
5 0.5340364583333332 0.030694444444444437 0.02323437500000001 0.06027777777777776
1 0.5747083333333334 0.016740740740740737 0.007932291666666735 0.016222222222222218