3 0.5301875 0.07333333333333333 0.004604166666666565 0.020472222222222215
1 0.5473645833333334 0.0798611111111111 0.015078124999999965 0.022796296296296287
2 0.3802083333333333 0.43472222222222223 0.12395833333333335 0.2231481481481481
1 0.5046875 0.3259259259259259 0.05208333333333339 0.08888888888888885
0 0.5109375 0.15694444444444444 0.04375 0.10833333333333334
5 0.5828125 0.14537037037037034 0.03125 0.06851851851851849
1 0.4450520833333333 0.23796296296296293 0.041145833333333395 0.06481481481481484
0 0.4041666666666666 0.7185185185185184 0.30208333333333326 0.5629629629629629
3 0.7424479166666667 0.628962962962963 0.061979166666666606 0.14022222222222228
3 0.6301927083333333 0.4044537037037037 0.021875 0.09676851851851846
3 0.62890625 0.31990740740740736 0.0203125 0.07685185185185187
6 0.37011979166666664 0.19672222222222221 0.0746458333333333 0.0753611111111111
3 0.5581041666666666 0.1885277777777778 0.010130208333333179 0.04896296296296296
6 0.5454114583333334 0.13010185185185183 0.02400000000000002 0.046851851851851874
2 0.5400625 0.10052777777777777 0.018614583333333278 0.028370370370370344
1 0.5170885416666666 0.07356481481481482 0.012968750000000107 0.02360185185185186
3 0.5270625 0.08119444444444443 0.004744791666666614 0.020805555555555553
3 0.5556666666666666 0.0661388888888889 0.004364583333333449 0.020305555555555563