2 0.21822916666666664 0.7694444444444445 0.2458333333333333 0.46111111111111114
6 0.5609375 0.40879629629629627 0.0760416666666666 0.1842592592592592
2 0.4565104166666666 0.5175925925925925 0.08177083333333339 0.26666666666666666
3 0.45 0.2847222222222222 0.013541666666666608 0.04907407407407405
3 0.42890625 0.2648148148148148 0.016145833333333394 0.048148148148148176
3 0.5752604166666666 0.26435185185185184 0.015104166666666608 0.045370370370370394
5 0.5059895833333333 0.17453703703703702 0.027604166666666607 0.04907407407407405
5 0.4825520833333333 0.15648148148148147 0.0203125 0.03888888888888889
1 0.4526041666666666 0.19027777777777777 0.021875 0.03425925925925927
3 0.5556666666666666 0.22265740740740741 0.010328125000000021 0.031601851851851846
2 0.440625 0.15046296296296297 0.015625 0.034259259259259246
3 0.39135937499999995 0.17936111111111108 0.008515624999999982 0.0389814814814815
3 0.42333854166666657 0.15498148148148147 0.006906249999999936 0.022527777777777775