2 0.4209322916666666 0.13305555555555554 0.022432291666666694 0.03408333333333332
3 0.5529166666666666 0.6374814814814815 0.0625 0.17688888888888882
3 0.3234375 0.5544351851851851 0.039583333333333304 0.16521296296296303
3 0.4541666666666666 0.3816481481481481 0.028125 0.09039814814814816
3 0.66640625 0.4041666666666667 0.0328125 0.11203703703703699
2 0.5541666666666666 0.22268518518518515 0.05 0.09166666666666666
1 0.5309895833333333 0.18287037037037035 0.027604166666666607 0.041666666666666664
3 0.50546875 0.20787037037037034 0.0109375 0.04351851851851849
3 0.41171875 0.25972222222222224 0.016145833333333394 0.04722222222222222
2 0.4138020833333333 0.1527777777777778 0.0234375 0.04629629629629627
3 0.4340833333333333 0.15032407407407405 0.008375000000000021 0.03085185185185186
1 0.45068229166666657 0.1486574074074074 0.02049479166666668 0.03545370370370371