3 0.540625 0.2287037037037037 0.013541666666666608 0.05740740740740738
3 0.5513020833333333 0.1898148148148148 0.013020833333333393 0.04629629629629627
2 0.2796875 0.7027777777777777 0.19375 0.5203703703703703
2 0.58359375 0.5833333333333334 0.1234375 0.4092592592592591
1 0.4682291666666666 0.33379629629629626 0.05 0.10092592592592588
5 0.4481770833333333 0.14444444444444443 0.04322916666666661 0.09814814814814811
2 0.470703125 0.19987037037037036 0.036161458333333306 0.0804537037037037
2 0.40746874999999994 0.165037037037037 0.024338541666666692 0.054527777777777744
1 0.48568749999999994 0.12571296296296297 0.019625000000000094 0.03733333333333333
3 0.41137499999999994 0.12587037037037035 0.005979166666666735 0.02209259259259259
2 0.39546354166666664 0.10792592592592593 0.028104166666666687 0.033472222222222216
1 0.42504687499999994 0.0881574074074074 0.01282291666666655 0.022009259259259267
1 0.45019791666666664 0.08946296296296295 0.013479166666666664 0.021851851851851845
1 0.47949479166666664 0.11425925925925925 0.017182291666666672 0.027314814814814802