3 0.4065104166666666 0.4523148148148148 0.03697916666666665 0.12870370370370365
3 0.52421875 0.3949074074074074 0.0296875 0.11388888888888889
3 0.5609375 0.21203703703703702 0.021875 0.07777777777777778
3 0.5135416666666666 0.1907407407407407 0.01875 0.07407407407407404
2 0.47135416666666663 0.05138888888888889 0.03541666666666661 0.07870370370370369
6 0.3305677083333333 0.06673148148148146 0.08880729166666664 0.08783333333333333
3 0.5322291666666666 0.14539814814814814 0.015671874999999957 0.04839814814814811
3 0.48974479166666657 0.1321574074074074 0.015364583333333393 0.043833333333333335
3 0.5297864583333334 0.07899074074074074 0.0124270833333334 0.04052777777777779
3 0.5514531249999999 0.0803611111111111 0.01235937499999995 0.048972222222222236
3 0.5558697916666666 0.11363888888888887 0.014124999999999943 0.06278703703703702
3 0.5005989583333333 0.0169537037037037 0.010239583333333436 0.0339074074074074