2 0.3841145833333333 0.772685185185185 0.1713541666666666 0.45462962962962955
1 0.5125 0.4185185185185185 0.0760416666666666 0.17222222222222222
1 0.3708333333333333 0.2796296296296296 0.0520833333333333 0.1
1 0.4513020833333333 0.274537037037037 0.04427083333333339 0.09722222222222222
6 0.4578125 0.1671296296296296 0.033333333333333395 0.07499999999999998
3 0.4895833333333333 0.2582037037037037 0.02083333333333339 0.07619444444444447
3 0.5356770833333333 0.3122037037037037 0.0265625 0.08671296296296296
2 0.4734375 0.1 0.03541666666666661 0.05555555555555555
2 0.4317708333333333 0.10601851851851851 0.027083333333333393 0.058333333333333334
3 0.5415052083333334 0.1499537037037037 0.0125729166666666 0.04858333333333336
2 0.4165052083333333 0.07959259259259258 0.027739583333333328 0.04391666666666667
3 0.5060677083333334 0.1143888888888889 0.012572916666666777 0.03964814814814817
1 0.3845208333333333 0.056962962962962965 0.014901041666666615 0.021759259259259266