1 0.5233229166666666 0.19966666666666666 0.025765625000000014 0.06154629629629629
5 0.5713541666666666 0.24305555555555555 0.046875 0.07685185185185182
3 0.590625 0.33611111111111114 0.022916666666666606 0.07407407407407408
2 0.4346354166666666 0.3527777777777778 0.06302083333333339 0.17777777777777778
3 0.52109375 0.25972222222222224 0.016145833333333394 0.05092592592592595
3 0.5372760416666666 0.23568518518518516 0.011807291666666764 0.04962037037037032
3 0.5057447916666666 0.18511111111111106 0.01100520833333345 0.0400740740740741
1 0.47098958333333324 0.15983333333333333 0.020395833333333436 0.02194444444444442
1 0.47716145833333334 0.186787037037037 0.025765625000000014 0.04055555555555556
2 0.42370312499999996 0.13795370370370372 0.018130208333333363 0.031583333333333345
3 0.440015625 0.13698148148148148 0.007614583333333336 0.02256481481481482
3 0.5936406249999999 0.6369166666666667 0.04291145833333321 0.19342592592592606
3 0.6911770833333333 0.6677407407407407 0.051583333333333314 0.18880555555555564
3 0.7694166666666666 0.6796851851851851 0.05981770833333329 0.21269444444444444
3 0.8357395833333332 0.6349907407407407 0.07108854166666667 0.1864907407407407
3 0.8678177083333333 0.8268796296296295 0.0754270833333333 0.18802777777777763