3 0.49183854166666663 0.1567037037037037 0.007093749999999943 0.02717592592592596
2 0.325 0.7805555555555556 0.190625 0.4388888888888889
2 0.4513020833333333 0.2810185185185185 0.04322916666666661 0.12870370370370365
5 0.5515625 0.2111111111111111 0.0375 0.06296296296296294
3 0.9583333333333333 0.8986666666666666 0.08333333333333322 0.20266666666666677
1 0.5141614583333334 0.17653703703703702 0.024046874999999978 0.04758333333333332
1 0.46996874999999994 0.17285185185185184 0.023557291666666737 0.04527777777777777
5 0.42993229166666663 0.4635462962962963 0.0570677083333333 0.1523425925925925
3 0.7985677083333333 0.6731666666666666 0.05257812499999996 0.1878425925925925
3 0.6456093749999999 0.5172592592592592 0.03755729166666679 0.13422222222222221
3 0.7150364583333333 0.5544166666666666 0.041796875 0.14278703703703713
3 0.7056302083333332 0.43324074074074065 0.03780729166666674 0.11295370370370376
3 0.5632708333333334 0.4050092592592593 0.02314583333333342 0.08985185185185177
3 0.5862343749999999 0.2656296296296296 0.0168697916666666 0.06115740740740737
3 0.5078125 0.20652777777777775 0.009744791666666686 0.03810185185185186
3 0.5224427083333334 0.2049259259259259 0.009260416666666594 0.035509259259259254
3 0.43383854166666663 0.13249074074074074 0.008156250000000042 0.02013888888888889
3 0.49511458333333336 0.1753796296296296 0.009057291666666778 0.02689814814814814
3 0.40722916666666664 0.17687037037037037 0.008713541666666736 0.028731481481481504
2 0.4202760416666666 0.1376388888888889 0.018916666666666693 0.030888888888888903
3 0.4458020833333333 0.13725925925925925 0.006614583333333357 0.027111111111111086