3 0.7674479166666666 0.6148148148148148 0.0484375 0.17407407407407413
3 0.6567708333333333 0.48194444444444445 0.039583333333333394 0.09722222222222222
3 0.5859375 0.46944444444444444 0.030208333333333393 0.10925925925925921
3 0.3825520833333333 0.4736111111111111 0.031770833333333304 0.12870370370370365
3 0.4489583333333333 0.3018518518518518 0.01875 0.06111111111111111
1 0.5294270833333333 0.4921296296296296 0.0828125 0.212037037037037
6 0.5 0.2550925925925926 0.038541666666666606 0.1046296296296296
6 0.5458333333333333 0.22777777777777777 0.04270833333333339 0.08518518518518516
2 0.44453125 0.2157407407407407 0.031770833333333394 0.08148148148148149
2 0.4005208333333333 0.312037037037037 0.06145833333333335 0.13518518518518516
3 0.9434895833333332 0.8712962962962962 0.11302083333333321 0.2574074074074073
6 0.48901562499999995 0.18699999999999997 0.02958854166666658 0.06293518518518516
2 0.46191666666666664 0.1630833333333333 0.02833333333333332 0.05007407407407406
1 0.421875 0.13877777777777775 0.015302083333333449 0.028833333333333322
1 0.4375 0.12412962962962963 0.015078124999999965 0.02962037037037039
2 0.5048854166666666 0.14887037037037038 0.02595312500000002 0.04242592592592591
3 0.45715104166666665 0.12652777777777777 0.00475520833333345 0.01912962962962964