3 0.615703125 0.07137962962962963 0.01563541666666666 0.05405555555555554
1 0.5736979166666666 0.7168981481481481 0.1255208333333334 0.4152777777777778
2 0.16770833333333332 0.5831018518518517 0.25416666666666665 0.3902777777777777
3 0.4044270833333333 0.26458333333333334 0.0234375 0.10324074074074072
3 0.4809895833333333 0.15902777777777777 0.0203125 0.06805555555555555
3 0.5958333333333333 0.17199074074074072 0.013541666666666608 0.07175925925925924
3 0.54921875 0.16967592592592592 0.016145833333333394 0.08194444444444444
3 0.6627604166666666 0.17546296296296296 0.027604166666666607 0.07685185185185187
1 0.4140625 0.13078703703703703 0.054166666666666655 0.08009259259259258
2 0.3565208333333333 0.6396111111111111 0.17260416666666667 0.46440740740740727
3 0.47363541666666664 0.06592592592592593 0.011197916666666608 0.05599999999999999
3 0.6044947916666666 0.12727777777777777 0.01916666666666682 0.04562962962962962
3 0.6235364583333334 0.20507407407407405 0.024385416666666694 0.07470370370370372
3 0.6177083333333333 0.26212962962962966 0.02083333333333339 0.07731481481481484
3 0.629265625 0.08524999999999999 0.013604166666666551 0.0629722222222222