0 0.45182291666666663 0.4736111111111111 0.1432291666666666 0.4879629629629629
3 0.5236979166666667 0.3 0.0234375 0.07592592592592595
6 0.5552083333333333 0.25879629629629625 0.054166666666666606 0.09907407407407405
3 0.2520833333333333 0.4976851851851852 0.046875 0.137962962962963
3 0.3494791666666667 0.41388888888888886 0.03125 0.0981481481481481
2 0.45390625 0.17731481481481481 0.036979166666666605 0.06388888888888888
3 0.5717760416666666 0.3441851851851852 0.020140624999999978 0.055666666666666684
3 0.5009791666666666 0.2285185185185185 0.01519270833333337 0.05400925925925924
3 0.41332812499999994 0.18413888888888888 0.00916145833333335 0.032092592592592555
3 0.42797916666666663 0.1534259259259259 0.007786458333333357 0.02599074074074075
3 0.39453125 0.1451851851851852 0.008447916666666711 0.02599074074074075
3 0.37378124999999995 0.13173148148148148 0.007906250000000004 0.023055555555555548
3 0.3879375 0.12141666666666664 0.006312499999999943 0.021101851851851844
1 0.38159374999999995 0.1041111111111111 0.011781249999999943 0.020453703703703693