5 0.5505208333333333 0.6111111111111112 0.1041666666666666 0.29444444444444445
1 0.51953125 0.3907407407407407 0.0609375 0.1111111111111111
2 0.409375 0.22175925925925924 0.03229166666666665 0.07129629629629627
3 0.4255208333333333 0.30092592592592593 0.016666666666666607 0.05925925925925928
3 0.4575520833333333 0.18240740740740738 0.008854166666666607 0.027777777777777776
3 0.513671875 0.19722222222222222 0.007406250000000014 0.03255555555555555
1 0.42065624999999995 0.16416666666666668 0.017104166666666566 0.024805555555555574
1 0.42504687499999994 0.1366111111111111 0.014901041666666615 0.02360185185185186
1 0.43871874999999994 0.15733333333333333 0.017244791666666613 0.02538888888888889
1 0.39672916666666663 0.13487037037037036 0.011687499999999984 0.018148148148148184
1 0.3706041666666666 0.13834259259259257 0.011421875000000003 0.01952777777777774