1 0.6854166666666666 0.674074074074074 0.171875 0.312962962962963
1 0.6255208333333333 0.3810185185185185 0.08958333333333339 0.14722222222222223
1 0.5270833333333333 0.4152777777777778 0.07395833333333339 0.16574074074074074
2 0.14947916666666666 0.7027777777777777 0.2979166666666667 0.4518518518518517
2 0.5330729166666666 0.2523148148148148 0.0515625 0.13055555555555556
6 0.4638020833333333 0.14722222222222223 0.03802083333333339 0.09259259259259256
2 0.39713541666666663 0.21157407407407405 0.06718749999999996 0.1324074074074074
2 0.5138020833333333 0.0699074074074074 0.0265625 0.058333333333333334
6 0.5294270833333333 0.1324074074074074 0.03802083333333339 0.08148148148148147
1 0.43984375 0.7393518518518517 0.1453125 0.30092592592592593
6 0.3492239583333333 0.12230555555555556 0.08803645833333329 0.08744444444444442