5 0.6026041666666666 0.374537037037037 0.1510416666666666 0.39351851851851843
1 0.44765625 0.3435185185185185 0.0671875 0.16296296296296298
3 0.509375 0.22685185185185183 0.025 0.07592592592592595
2 0.3520833333333333 0.28194444444444444 0.0625 0.20092592592592587
3 0.4799479166666666 0.1300925925925926 0.015104166666666608 0.050925925925925916
3 0.38125 0.1449074074074074 0.013541666666666697 0.056481481481481466
1 0.45234375 0.07546296296296295 0.0296875 0.05462962962962963
3 0.41796875 0.12037037037037036 0.0140625 0.04259259259259258
5 0.38367187499999994 0.03639814814814815 0.03469791666666668 0.0727962962962963
1 0.4177239583333333 0.044675925925925924 0.02517708333333335 0.047935185185185185
1 0.42993229166666663 0.021351851851851848 0.02116145833333345 0.040851851851851854
1 0.35278125 0.023777777777777773 0.019421875000000012 0.03662037037037036