3 0.6544635416666666 0.3541666666666667 0.02604166666666661 0.09457407407407407
1 0.5777864583333333 0.2843148148148148 0.04510937500000001 0.07746296296296293
1 0.4901041666666666 0.5694444444444444 0.09375 0.2777777777777778
5 0.4916666666666666 0.3259259259259259 0.078125 0.17407407407407405
2 0.5091145833333333 0.22916666666666666 0.047395833333333394 0.08796296296296294
3 0.4294270833333333 0.33221296296296293 0.019270833333333393 0.08001851851851849
2 0.4268229166666666 0.1898148148148148 0.0265625 0.06111111111111111
3 0.3796875 0.3809537037037037 0.026041666666666696 0.082537037037037
2 0.2372395833333333 0.835185185185185 0.2380208333333333 0.32962962962962955
3 0.43237499999999995 0.14312037037037034 0.005911458333333286 0.016407407407407447
1 0.43774479166666663 0.1659074074074074 0.019760416666666634 0.03749074074074073
1 0.4690104166666666 0.1625 0.022395833333333393 0.039814814814814824
1 0.501953125 0.15456481481481482 0.019682291666666706 0.03849074074074075
3 0.48974479166666657 0.14127777777777778 0.005489583333333314 0.021509259259259277
3 0.45629687499999994 0.1451851851851852 0.006364583333333407 0.02102777777777776
3 0.4633802083333333 0.13173148148148148 0.00546875 0.01660185185185187