5 0.5546875 0.24074074074074073 0.053125 0.09259259259259255
1 0.4734375 0.2569444444444444 0.04375 0.08240740740740739
2 0.4450520833333333 0.12777777777777777 0.0234375 0.04259259259259258
3 0.4315104166666666 0.19675925925925924 0.0109375 0.041666666666666664
3 0.4216145833333333 0.1759259259259259 0.0109375 0.03888888888888889
3 0.39765625 0.24259259259259258 0.01614583333333335 0.05370370370370373
2 0.3901041666666666 0.3851851851851852 0.08124999999999996 0.22592592592592586
3 0.482421875 0.13585185185185186 0.006880208333333293 0.023055555555555548
3 0.41626041666666663 0.12630555555555556 0.005958333333333421 0.01937962962962965
2 0.393796875 0.11837962962962961 0.02250520833333338 0.03477777777777777
1 0.4274895833333333 0.1104074074074074 0.012380208333333264 0.01929629629629631
1 0.46826041666666657 0.11122222222222222 0.011963541666666622 0.020388888888888897
3 0.4555677083333333 0.10107407407407407 0.006338541666666764 0.013166666666666653