1 0.4526041666666666 0.6879629629629629 0.1041666666666666 0.3203703703703703
6 0.2591145833333333 0.6884259259259259 0.1671875 0.36759259259259264
2 0.8171875 0.7384259259259258 0.3177083333333332 0.5231481481481481
2 0.5408854166666666 0.24074074074074073 0.0671875 0.15185185185185182
2 0.42057291666666663 0.24629629629629626 0.047395833333333345 0.15740740740740738
6 0.465625 0.11203703703703702 0.029166666666666608 0.05555555555555555
3 0.3640625 0.26805555555555555 0.021875 0.06388888888888888
1 0.39526562499999995 0.09999074074074073 0.022203125000000056 0.03887037037037035
4 0.4131875 0.06836111111111111 0.02240625000000005 0.0336111111111111
2 0.3884270833333333 0.07031481481481482 0.023770833333333387 0.039249999999999986
3 0.43371875 0.09475 0.01002083333333328 0.03982407407407405
5 0.4232083333333333 0.14330555555555557 0.0347291666666667 0.07816666666666669
3 0.3520520833333333 0.09830555555555556 0.010406250000000039 0.03947222222222221
3 0.40356249999999994 0.13218518518518516 0.010093750000000058 0.04164814814814816
6 0.46875 0.07682407407407407 0.02595312500000002 0.05222222222222221