1 0.4942708333333333 0.5773148148148147 0.0958333333333334 0.2731481481481482
3 0.396875 0.2773148148148148 0.016666666666666653 0.07314814814814817
3 0.48984375 0.25 0.01822916666666661 0.06666666666666667
3 0.4158854166666666 0.2162037037037037 0.016145833333333394 0.06018518518518516
3 0.51875 0.14953703703703702 0.0125 0.04537037037037036
2 0.4760416666666666 0.125 0.034375 0.04629629629629627
3 0.40698437499999995 0.13932407407407407 0.007755208333333386 0.024064814814814837
2 0.39917187499999995 0.11122222222222222 0.022291666666666644 0.036703703703703676
1 0.48535416666666664 0.1066111111111111 0.017302083333333405 0.02753703703703702
3 0.46508854166666663 0.09722222222222222 0.004927083333333293 0.016027777777777766
3 0.4137291666666666 0.09098148148148147 0.006166666666666565 0.019324074074074073