1 0.5205208333333333 0.08798148148148148 0.022093749999999978 0.03299074074074074
6 0.3729166666666666 0.3875 0.10937499999999996 0.1953703703703703
3 0.35 0.6361111111111111 0.0666666666666667 0.15740740740740738
3 0.14348958333333334 0.7912037037037036 0.12447916666666665 0.18611111111111112
3 0.640625 0.8185185185185184 0.055208333333333394 0.19074074074074063
3 0.4338541666666666 0.24490740740740738 0.01875 0.05277777777777778
3 0.4743802083333333 0.16045370370370368 0.015421875000000007 0.058722222222222224
6 0.5010416666666666 0.3296296296296296 0.096875 0.15
2 0.6028645833333333 0.17037037037037037 0.04322916666666661 0.08148148148148149
3 0.18619791666666666 0.8587962962962962 0.1140625 0.19166666666666668
6 0.3588854166666666 0.1451851851851852 0.08196875000000006 0.07769444444444444
5 0.5146510416666665 0.17285185185185184 0.044770833333333294 0.11621296296296293
3 0.44171875 0.1896111111111111 0.012901041666666658 0.06175925925925922
3 0.49682812499999995 0.09722222222222222 0.008713541666666736 0.03136111111111112
3 0.5099166666666666 0.10074999999999999 0.00795312500000005 0.03416666666666666
2 0.5185572916666666 0.035916666666666666 0.017515625000000055 0.03797222222222223
2 0.48559374999999994 0.043 0.018296875000000056 0.04266666666666666
1 0.5356458333333334 0.0587037037037037 0.019119791666666684 0.03553703703703705
1 0.43042187499999995 0.04685185185185185 0.029203124999999906 0.031009259259259247
2 0.564453125 0.06119444444444445 0.025999999999999978 0.05783333333333333