1 0.4825520833333333 0.36157407407407405 0.056770833333333395 0.11759259259259254
3 0.56015625 0.35138888888888886 0.021354166666666608 0.07129629629629632
3 0.48828125 0.27824074074074073 0.011979166666666607 0.04907407407407405
3 0.5580729166666666 0.29583333333333334 0.01822916666666661 0.04722222222222222
3 0.5208333333333333 0.2625 0.014583333333333393 0.045370370370370394
3 0.5109375 0.23148148148148145 0.013541666666666608 0.04259259259259262
2 0.43984375 0.19444444444444445 0.024479166666666607 0.05185185185185182
3 0.8100572916666666 0.6749166666666666 0.0616458333333334 0.1689444444444445
3 0.39751041666666664 0.19361111111111107 0.007906250000000004 0.0320648148148148
3 0.48315624999999995 0.18034259259259258 0.007755208333333386 0.024805555555555574
3 0.5112291666666666 0.1796851851851852 0.008703125000000079 0.026944444444444472
3 0.4665520833333333 0.17339814814814813 0.0078125 0.024157407407407384
2 0.44140625 0.1622222222222222 0.018156250000000006 0.024064814814814837
1 0.45462499999999995 0.14864814814814814 0.013932291666666607 0.022888888888888875
3 0.42456249999999995 0.16135185185185183 0.005958333333333421 0.01937962962962965
3 0.428546875 0.14514814814814814 0.005312499999999965 0.02421296296296293
2 0.3986822916666667 0.1429074074074074 0.013901041666666725 0.02873148148148152