6 0.4458333333333333 0.5319444444444444 0.09583333333333335 0.299074074074074
3 0.6369791666666667 0.28703703703703703 0.021875 0.07592592592592595
2 0.5299479166666666 0.18888888888888888 0.0453125 0.08518518518518516
1 0.446875 0.14259259259259258 0.023958333333333394 0.04629629629629627
3 0.4724114583333333 0.1270648148148148 0.007578125000000035 0.028731481481481483
3 0.48852604166666663 0.14257407407407405 0.008286458333333436 0.030194444444444458
3 0.5288802083333334 0.129 0.008713541666666736 0.03147222222222222
3 0.4907239583333333 0.10819444444444443 0.007723958333333236 0.026101851851851838
3 0.47387499999999994 0.08888888888888889 0.004963541666666594 0.02027777777777778
2 0.4177239583333333 0.10562962962962961 0.02052083333333332 0.03504629629629628
3 0.40319270833333326 0.12714814814814812 0.009010416666666642 0.02981481481481482
6 0.46189583333333334 0.09921296296296298 0.01896874999999998 0.029018518518518523