5 0.4424479166666666 0.5798611111111112 0.20364583333333325 0.5986111111111111
1 0.8739583333333332 0.8625 0.2520833333333332 0.275
1 0.6890625 0.4576388888888889 0.09791666666666661 0.15231481481481476
1 0.5494791666666666 0.31782407407407404 0.05 0.09305555555555556
2 0.5208333333333333 0.22291666666666668 0.03229166666666661 0.05138888888888889
3 0.34401041666666665 0.4340277777777778 0.0265625 0.10694444444444444
3 0.39557291666666666 0.35810185185185184 0.021354166666666695 0.08472222222222223
3 0.41276041666666663 0.2983796296296296 0.015104166666666608 0.059722222222222225
3 0.6041666666666666 0.45902777777777776 0.028125 0.12361111111111112
3 0.4953125 0.2831018518518518 0.015625 0.06805555555555555
5 0.5013020833333333 0.17269444444444443 0.0265260416666667 0.045703703703703705
2 0.455375 0.1831574074074074 0.028458333333333384 0.06630555555555556
3 0.4651041666666666 0.2621388888888889 0.019557291666666643 0.04362037037037041
2 0.43237499999999995 0.13932407407407407 0.021010416666666566 0.0352685185185185
2 0.40160937499999994 0.1300185185185185 0.04167187499999998 0.03225
1 0.46476562499999996 0.14539814814814814 0.020765624999999944 0.035675925925925965
3 0.5 0.14105555555555555 0.008187500000000014 0.0173888888888889
2 0.41704166666666664 0.10614814814814812 0.013536458333333279 0.025685185185185193