2 0.56484375 0.16666666666666666 0.05885416666666661 0.13333333333333333
1 0.4924479166666666 0.16064814814814812 0.03802083333333339 0.06944444444444445
5 0.4731770833333333 0.3638888888888889 0.0828125 0.237037037037037
6 0.33151041666666664 0.5643518518518518 0.1786458333333333 0.3027777777777777
3 0.22421875 0.5263888888888889 0.056770833333333305 0.14166666666666666
2 0.4145520833333333 0.10525 0.03228645833333332 0.08230555555555555
1 0.4907239583333333 0.06588888888888889 0.02418750000000003 0.04657407407407407
2 0.46167187499999995 0.04107407407407407 0.026552083333333344 0.05536111111111111
3 0.42993229166666663 0.06498148148148149 0.009057291666666778 0.0379814814814815
3 0.517578125 0.07163888888888889 0.010010416666666622 0.04406481481481481
3 0.5126979166666666 0.04451851851851851 0.006640625 0.028046296296296288
3 0.48144791666666664 0.01937962962962963 0.006666666666666643 0.033944444444444444
3 0.40331770833333336 0.19749074074074074 0.01519270833333337 0.07480555555555557
3 0.4227708333333333 0.16774074074074072 0.013427083333333378 0.06013888888888887
6 0.3031979166666666 0.12102777777777778 0.0930052083333333 0.08598148148148148