3 0.37316666666666665 0.6316203703703703 0.047395833333333304 0.16642592592592592
2 0.4153645833333333 0.36620370370370364 0.07239583333333335 0.18055555555555555
6 0.4921875 0.38009259259259254 0.0625 0.175
6 0.5901041666666667 0.3421296296296296 0.0645833333333334 0.14351851851851855
6 0.5015625 0.25 0.0375 0.09074074074074072
6 0.5502604166666666 0.20324074074074072 0.036979166666666605 0.06018518518518516
3 0.80234375 0.854648148148148 0.0890625 0.2740277777777777
3 0.7208333333333333 0.8676851851851852 0.084375 0.23871296296296313
1 0.6130208333333333 0.8180555555555555 0.16875 0.3638888888888889
2 0.159375 0.8023148148148148 0.3135416666666666 0.39537037037037037
2 0.4927083333333333 0.19607407407407404 0.03332291666666674 0.056962962962962944
1 0.43383854166666663 0.17687037037037037 0.020447916666666722 0.04225925925925925
3 0.46823958333333326 0.1691574074074074 0.009057291666666778 0.03264814814814814
3 0.4656458333333333 0.12971296296296295 0.005958333333333421 0.02384259259259258
3 0.47874999999999995 0.15668518518518518 0.0074583333333333 0.028546296296296268
1 0.448546875 0.1507962962962963 0.019333333333333334 0.03244444444444446
1 0.435546875 0.1284722222222222 0.012338541666666637 0.01952777777777774
2 0.40557291666666667 0.12221296296296297 0.025130208333333348 0.02820370370370371
2 0.39860937500000004 0.13171296296296295 0.015421874999999963 0.025629629629629648
3 0.4225416666666666 0.11691666666666664 0.003880208333333357 0.013712962962962965