3 0.884375 0.9203703703703703 0.1364583333333332 0.15925925925925938
1 0.4848958333333333 0.6722222222222223 0.134375 0.3907407407407406
1 0.4138020833333333 0.24768518518518515 0.05260416666666665 0.12314814814814809
5 0.2109375 0.6930555555555555 0.3197916666666666 0.6138888888888889
1 0.4385416666666666 0.1486111111111111 0.034375 0.075
2 0.39453125 0.1337962962962963 0.03489583333333335 0.07870370370370369
1 0.4604166666666666 0.08287037037037036 0.02604166666666661 0.0361111111111111
1 0.42529166666666657 0.10861111111111109 0.029375000000000106 0.06119444444444445
1 0.35378645833333333 0.06999999999999999 0.01861458333333337 0.03361111111111111
1 0.43188541666666663 0.048935185185185186 0.021041666666666715 0.036212962962962954
1 0.40551562499999994 0.08289814814814815 0.022203125000000056 0.04187962962962962
2 0.3791510416666667 0.06813888888888889 0.023375000000000055 0.0414722222222222
3 0.41284374999999995 0.03247222222222222 0.0064635416666666504 0.025296296296296292
3 0.392578125 0.05056481481481481 0.00553645833333336 0.019296296296296294