1 0.43057291666666664 0.20637962962962958 0.016447916666666628 0.02806481481481479
1 0.46290624999999996 0.18739814814814812 0.016437499999999973 0.021592592592592594
1 0.3934895833333333 0.4625 0.0703125 0.1638888888888889
2 0.29453125 0.43101851851851847 0.1015625 0.21574074074074076
1 0.359375 0.3300925925925926 0.04375 0.07314814814814817
1 0.37578125 0.2699074074074074 0.036979166666666695 0.06388888888888888
1 0.3950520833333333 0.23194444444444445 0.024479166666666653 0.037962962962962934
6 0.41875 0.30648148148148147 0.038541666666666655 0.10370370370370373
1 0.4885416666666666 0.31296296296296294 0.04270833333333339 0.0703703703703704
1 0.4807291666666666 0.2625 0.028125 0.041666666666666664
1 0.46796875 0.22685185185185183 0.022395833333333393 0.03518518518518516
3 0.5268229166666666 0.2999907407407407 0.013020833333333393 0.05928703703703704
3 0.578125 0.3014351851851852 0.011916666666666664 0.043074074074074056
3 0.515625 0.2717037037037037 0.011244791666666564 0.03425925925925929
1 0.42602604166666663 0.2718333333333333 0.03338541666666668 0.06879629629629626
1 0.46145312499999996 0.20200925925925925 0.017104166666666566 0.029055555555555578
1 0.4048385416666666 0.2010185185185185 0.017104166666666608 0.03049999999999997
1 0.43432812499999995 0.22185185185185183 0.022765625000000077 0.031203703703703668
1 0.509765625 0.23654629629629625 0.025421874999999972 0.0371388888888889
4 0.5315104166666667 0.48981481481481476 0.0880208333333334 0.14629629629629634