1 0.48410937499999995 0.18603703703703703 0.01799999999999997 0.02574074074074076
1 0.4809583333333333 0.20725 0.028015624999999923 0.05281481481481486
1 0.4672864583333333 0.24174999999999996 0.032468749999999956 0.03836111111111112
3 0.3220989583333333 0.38716666666666666 0.030208333333333302 0.07327777777777776
4 0.24088541666666666 0.5962962962962963 0.2015625 0.30925925925925923
1 0.4296875 0.4037037037037037 0.06458333333333335 0.13518518518518519
6 0.46640625 0.3087962962962963 0.041145833333333395 0.11018518518518519
1 0.5526041666666666 0.36157407407407405 0.044791666666666605 0.08611111111111111
2 0.6856770833333333 0.49583333333333335 0.11614583333333339 0.20462962962962952
4 0.6002604166666666 0.5884259259259259 0.11822916666666661 0.24166666666666667
3 0.7395833333333333 0.7486759259259259 0.06547395833333329 0.1587314814814815
2 0.554328125 0.20520370370370372 0.02407291666666662 0.0366018518518518
1 0.5185572916666666 0.18120370370370367 0.01616145833333338 0.025685185185185193
3 0.4589739583333333 0.17351851851851852 0.007807291666666672 0.02549074074074077
3 0.42919791666666657 0.22464814814814815 0.010734375000000008 0.036916666666666646
3 0.46669270833333326 0.16175925925925924 0.008249999999999957 0.02784259259259257