2 0.5653645833333333 0.33425925925925926 0.09427083333333339 0.23518518518518516
2 0.3924479166666667 0.27037037037037037 0.0630208333333333 0.18148148148148152
1 0.4276041666666666 0.8143518518518518 0.128125 0.3712962962962962
6 0.484375 0.08472222222222223 0.03645833333333339 0.07129629629629627
3 0.23734374999999996 0.4526296296296296 0.03822916666666663 0.13149074074074082
3 0.42602604166666663 0.10056481481481482 0.009520833333333378 0.04213888888888889
3 0.37402604166666664 0.13412037037037036 0.012052083333333385 0.04984259259259258
6 0.46167187499999995 0.12207407407407407 0.035677083333333394 0.0753611111111111
5 0.40307812499999995 0.13465740740740742 0.03732291666666669 0.08045370370370368
1 0.3806145833333333 0.08946296296296295 0.02517708333333326 0.04242592592592591
2 0.378171875 0.04587037037037037 0.028213541666666675 0.046490740740740735
1 0.4060052083333333 0.04685185185185185 0.022677083333333313 0.03878703703703703
3 0.3559583333333333 0.04443518518518518 0.006390624999999961 0.024620370370370376
3 0.3298333333333333 0.06559259259259259 0.009671874999999996 0.03648148148148148
3 0.4213541666666666 0.018055555555555554 0.007807291666666672 0.025805555555555554