3 0.8026041666666666 0.6666666666666666 0.0708333333333333 0.19074074074074063
3 0.3671875 0.31527777777777777 0.021875 0.07314814814814817
3 0.5236979166666667 0.30092592592592593 0.0171875 0.07222222222222222
3 0.4315104166666666 0.24629629629629626 0.01822916666666661 0.05925925925925928
1 0.5424479166666666 0.20787037037037034 0.0359375 0.058333333333333334
2 0.5783854166666667 0.27824074074074073 0.06614583333333339 0.1324074074074074
1 0.44791666666666663 0.14675925925925926 0.022916666666666606 0.04722222222222222
3 0.4302083333333333 0.17129629629629628 0.0125 0.03703703703703702
2 0.4080729166666666 0.14907407407407408 0.025520833333333347 0.051851851851851864
2 0.4193802083333333 0.12729629629629627 0.02343229166666667 0.0467037037037037
3 0.40415624999999994 0.11527777777777778 0.006041666666666679 0.019064814814814805
3 0.44482291666666657 0.11371296296296296 0.00803124999999998 0.01975925925925925