1 0.5290052083333333 0.06453703703703705 0.0151614583333334 0.023888888888888894
1 0.5432395833333332 0.07691666666666666 0.015036458333333336 0.028925925925925938
2 0.22135416666666666 0.7583333333333333 0.2895833333333333 0.4666666666666667
1 0.40625 0.7212962962962962 0.13125 0.2833333333333333
3 0.6723958333333333 0.7402777777777778 0.054166666666666606 0.17870370370370373
3 0.540625 0.32037037037037036 0.02083333333333339 0.0703703703703704
5 0.59453125 0.25925925925925924 0.0546875 0.12777777777777777
1 0.4119791666666666 0.3300925925925926 0.0625 0.0953703703703704
0 0.5072916666666666 0.2046296296296296 0.065625 0.1759259259259259
6 0.5578125 0.16296296296296295 0.034375 0.06666666666666665
6 0.3742395833333333 0.18675925925925924 0.0824947916666666 0.07256481481481482
3 0.5007760416666667 0.10168518518518517 0.007270833333333293 0.028046296296296288
3 0.5289427083333333 0.09050925925925925 0.006161458333333236 0.029361111111111123
3 0.5161197916666667 0.10157407407407407 0.006161458333333236 0.02388888888888891
1 0.550265625 0.10080555555555555 0.019229166666666762 0.03506481481481482