3 0.8049479166666667 0.6157407407407407 0.0598958333333333 0.17777777777777778
2 0.5653645833333333 0.2509259259259259 0.05885416666666661 0.12407407407407404
1 0.4690104166666666 0.16898148148148145 0.02864583333333339 0.05648148148148149
3 0.5107447916666666 0.2111574074074074 0.011328125 0.04885185185185187
3 0.4399427083333333 0.15287962962962964 0.008781250000000008 0.038453703703703664
3 0.49511458333333336 0.15474074074074073 0.008187500000000014 0.03699074074074073
3 0.5043958333333334 0.11032407407407407 0.006692708333333286 0.024435185185185185
3 0.517578125 0.13300925925925927 0.008218749999999986 0.033138888888888905
6 0.47534374999999995 0.11860185185185185 0.022291666666666644 0.04695370370370367
3 0.5659166666666666 0.17329629629629628 0.013588541666666742 0.03859259259259259
2 0.427734375 0.11425925925925925 0.02177604166666658 0.03887037037037039
3 0.48706249999999995 0.09477777777777777 0.005302083333333307 0.022009259259259267