1 0.4119791666666666 0.8384259259259259 0.1447916666666666 0.3231481481481482
5 0.69140625 0.5328703703703703 0.1359375 0.2712962962962962
5 0.546875 0.42777777777777776 0.071875 0.16296296296296298
5 0.4549479166666666 0.17314814814814813 0.024479166666666607 0.05370370370370371
2 0.4825520833333333 0.28055555555555556 0.036979166666666605 0.1
3 0.43671875 0.262037037037037 0.0171875 0.05185185185185182
3 0.43125 0.3162037037037037 0.019791666666666607 0.06018518518518516
3 0.5052083333333333 0.2273148148148148 0.021875 0.054629629629629604
3 0.5385416666666666 0.23518518518518516 0.030208333333333393 0.05185185185185182
3 0.4724114583333333 0.22124999999999997 0.00912500000000005 0.028268518518518467
3 0.39453125 0.18936111111111106 0.008156250000000042 0.030083333333333347
3 0.4360364583333333 0.1429074074074074 0.007119791666666764 0.019166666666666644