2 0.57734375 0.4300925925925925 0.11302083333333339 0.26203703703703696
3 0.6778645833333333 0.48287037037037034 0.041145833333333395 0.11018518518518523
3 0.365625 0.3916018518518518 0.026041666666666696 0.10754629629629622
3 0.48046875 0.198 0.015104166666666608 0.05030555555555551
3 0.38019791666666664 0.1810185185185185 0.012515624999999985 0.039814814814814824
1 0.4114583333333333 0.22129629629629627 0.034375 0.06111111111111111
3 0.2192708333333333 0.8550925925925925 0.071875 0.2620370370370371
3 0.40380729166666657 0.1389537037037037 0.008614583333333314 0.03594444444444444
6 0.3713385416666667 0.10682407407407407 0.020369791666666616 0.03309259259259261
3 0.3947760416666667 0.1262314814814815 0.007151041666666647 0.03009259259259258
3 0.38549999999999995 0.14266666666666666 0.008218749999999986 0.029638888888888895
1 0.4243177083333333 0.11241666666666666 0.019682291666666706 0.029490740740740762
1 0.381265625 0.08942592592592591 0.012927083333333301 0.020120370370370358
1 0.40211979166666667 0.09739814814814815 0.015078125000000008 0.02501851851851853