1 0.3875 0.8226851851851851 0.15520833333333334 0.3546296296296295
3 0.47109375 0.3537037037037037 0.0296875 0.10925925925925929
2 0.5255208333333333 0.24768518518518515 0.059375 0.16574074074074072
3 0.5791666666666666 0.3032407407407407 0.025 0.10648148148148143
3 0.6330729166666667 0.2550925925925926 0.022395833333333393 0.08240740740740739
3 0.5838541666666666 0.44722222222222224 0.034375 0.13333333333333333
6 0.4059895833333333 0.2935185185185185 0.08385416666666665 0.16666666666666666
2 0.4755208333333333 0.0412037037037037 0.03125 0.06944444444444445
3 0.590625 0.21203703703703702 0.019791666666666607 0.07222222222222222
1 0.4653645833333333 0.12407407407407407 0.03385416666666661 0.05925925925925925
1 0.5450520833333333 0.07037037037037036 0.031770833333333394 0.05370370370370371
1 0.517578125 0.019759259259259258 0.026109375000000056 0.038490740740740735
3 0.2651354166666667 0.48220370370370363 0.05685416666666665 0.11350000000000003
3 0.5854947916666667 0.12182407407407406 0.017208333333333315 0.0568888888888889
3 0.513671875 0.05739814814814815 0.010328125000000021 0.040611111111111105
3 0.5009374999999999 0.011027777777777777 0.006124999999999936 0.022055555555555554