6 0.5171197916666667 0.02086111111111111 0.018437500000000107 0.04112037037037036
1 0.67734375 0.7375 0.1786458333333334 0.3546296296296295
3 0.42838541666666663 0.5804814814814814 0.04843229166666667 0.14643518518518528
2 0.4028645833333333 0.4083333333333333 0.09635416666666666 0.24629629629629624
6 0.6106770833333333 0.30277777777777776 0.05572916666666661 0.1574074074074074
3 0.5028645833333333 0.44251851851851853 0.030729166666666606 0.1297777777777777
3 0.4755208333333333 0.21018518518518517 0.02083333333333339 0.07407407407407404
2 0.4411458333333333 0.18009259259259258 0.05833333333333339 0.11388888888888889
1 0.5359375 0.24722222222222223 0.05 0.09629629629629627
1 0.4934895833333333 0.13148148148148148 0.03802083333333339 0.0648148148148148
1 0.51796875 0.07962962962962962 0.022395833333333393 0.06296296296296297
6 0.3375 0.11972222222222223 0.08979166666666671 0.08093518518518515
1 0.46753124999999995 0.057833333333333334 0.025421874999999972 0.04831481481481481
1 0.5107447916666666 0.046333333333333324 0.019010416666666606 0.03813888888888888
3 0.5382395833333333 0.040379629629629626 0.0067031249999999435 0.03188888888888888
3 0.3561458333333333 0.37043518518518515 0.027145833333333248 0.09569444444444442
1 0.40942187499999994 0.01836111111111111 0.03038020833333328 0.03393518518518519