3 0.37398958333333326 0.08796296296296295 0.00799479166666659 0.02424074074074075
6 0.6635416666666666 0.4837962962962963 0.13854166666666662 0.31759259259259254
6 0.5036458333333333 0.43657407407407406 0.08645833333333339 0.2490740740740741
3 0.4421875 0.3472222222222222 0.02604166666666661 0.12407407407407409
5 0.39479166666666665 0.27685185185185185 0.055208333333333304 0.15370370370370365
5 0.44453125 0.14953703703703702 0.0328125 0.058333333333333334
2 0.4041666666666666 0.1125 0.03125 0.06018518518518517
3 0.3255208333333333 0.3347222222222222 0.025 0.08425925925925924
2 0.2567708333333333 0.7291666666666666 0.23958333333333331 0.5416666666666666
3 0.3735364583333333 0.14312037037037034 0.010651041666666661 0.03366666666666668
3 0.37834375 0.12382407407407406 0.010947916666666658 0.036685185185185175
3 0.3500989583333333 0.12357407407407407 0.009302083333333312 0.04094444444444443
3 0.37094791666666665 0.10132407407407408 0.009369791666666672 0.0341388888888889
0 0.4262708333333333 0.07818518518518516 0.040921874999999906 0.07899074074074074
2 0.3481458333333333 0.061907407407407404 0.02937500000000002 0.03648148148148148