6 0.2739583333333333 0.6 0.221875 0.3851851851851851
3 0.3684895833333333 0.7939814814814814 0.08177083333333335 0.19351851851851842
3 0.6666666666666666 0.7527777777777778 0.05625 0.2
1 0.46328125 0.1532407407407407 0.0546875 0.0972222222222222
2 0.51640625 0.5291666666666667 0.1203125 0.3787037037037036
3 0.6528333333333334 0.3732685185185185 0.033265624999999945 0.09868518518518524
3 0.5258802083333334 0.036564814814814814 0.012968750000000107 0.05037037037037035
3 0.5405260416666666 0.054629629629629625 0.016020833333333328 0.05064814814814815
3 0.5053697916666666 0.013231481481481478 0.008645833333333287 0.026453703703703705
3 0.5258802083333334 0.010861111111111111 0.01061458333333345 0.021722222222222223
3 0.5556979166666667 0.15125925925925926 0.02323437500000001 0.08149074074074074
2 0.4769322916666667 0.04960185185185185 0.04166666666666661 0.0992037037037037