5 0.5104166666666666 0.3587962962962963 0.065625 0.16203703703703698
2 0.1450520833333333 0.8879629629629628 0.2890625 0.22407407407407398
1 0.64140625 0.5 0.12135416666666661 0.23148148148148143
6 0.39078124999999997 0.1296111111111111 0.08155208333333328 0.0798611111111111
1 0.45581249999999995 0.2719166666666667 0.06671354166666657 0.1112222222222222
1 0.5151354166666666 0.17524074074074072 0.0401614583333334 0.07194444444444444
6 0.5795885416666666 0.11593518518518518 0.03634895833333331 0.07525000000000001
6 0.5463854166666666 0.057833333333333334 0.025999999999999978 0.0522962962962963
5 0.5048854166666666 0.038657407407407404 0.02780208333333345 0.0553611111111111
3 0.467796875 0.09613888888888888 0.010734375000000008 0.042907407407407415
3 0.53825 0.2371851851851852 0.016343750000000056 0.06768518518518521
3 0.5322291666666666 0.04774074074074074 0.00763541666666665 0.03265740740740741
1 0.45996354166666664 0.02244444444444444 0.029479166666666678 0.03100925925925926
1 0.5698229166666666 0.03512962962962962 0.021333333333333294 0.033037037037037045