3 0.3223958333333333 0.8935185185185184 0.0854166666666667 0.2111111111111111
3 0.5390625 0.6439814814814814 0.04270833333333339 0.15462962962962962
3 0.6096354166666667 0.6074074074074074 0.0453125 0.16666666666666666
3 0.7817708333333332 0.7111111111111111 0.07499999999999991 0.17962962962962953
2 0.41953125 0.2384259259259259 0.08489583333333335 0.17129629629629628
2 0.4697916666666666 0.028240740740740743 0.03125 0.054629629629629625
3 0.5674479166666666 0.44120370370370365 0.0328125 0.125
3 0.5229166666666666 0.19166666666666668 0.02083333333333339 0.0796296296296296
3 0.5463854166666666 0.023333333333333334 0.008880208333333427 0.03209259259259259
3 0.5063489583333334 0.044814814814814814 0.009932291666666693 0.04273148148148147
3 0.5380885416666666 0.010675925925925924 0.00607291666666665 0.021351851851851848
3 0.5048854166666666 0.012712962962962962 0.008447916666666621 0.025416666666666664
6 0.3413072916666666 0.07275 0.09076041666666664 0.08832407407407404