3 0.5673854166666666 0.022879629629629628 0.007692708333333265 0.027009259259259257
1 0.3622395833333333 0.3796296296296296 0.09635416666666666 0.14814814814814808
1 0.5515625 0.24537037037037035 0.05208333333333339 0.1
1 0.49140625 0.16944444444444445 0.036979166666666605 0.06851851851851849
3 0.54609375 0.6775277777777777 0.04427083333333339 0.17161111111111096
3 0.6143229166666666 0.5012407407407408 0.03489583333333339 0.13639814814814805
3 0.483015625 0.30187962962962955 0.025375000000000016 0.093574074074074
3 0.4317708333333333 0.14910185185185185 0.014583333333333393 0.0592037037037037
6 0.5028645833333333 0.059259259259259255 0.0234375 0.0574074074074074
2 0.5390625 0.05138888888888889 0.025 0.056481481481481466
3 0.59375 0.3474814814814814 0.02747916666666672 0.10418518518518513
3 0.5981458333333334 0.11490740740740739 0.013739583333333449 0.054666666666666676
3 0.5288072916666666 0.07984259259259259 0.010817708333333264 0.04361111111111111
3 0.568359375 0.060675925925925925 0.010130208333333179 0.04125
3 0.5649427083333334 0.035759259259259255 0.009484375000000078 0.02965740740740741
1 0.5224635416666666 0.011268518518518518 0.01704166666666662 0.022527777777777775
1 0.4985364583333333 0.013481481481481481 0.016843749999999956 0.02689814814814815
3 0.55078125 0.01275925925925926 0.0078125 0.023407407407407405
3 0.5418125 0.008555555555555556 0.006093749999999965 0.016925925925925928