2 0.4611979166666666 0.19398148148148148 0.03802083333333339 0.06759259259259259
3 0.43125 0.17314814814814813 0.008333333333333392 0.03333333333333333
3 0.4114583333333333 0.21540740740740738 0.0125 0.04695370370370371
3 0.3455729166666667 0.36018518518518516 0.0203125 0.08888888888888889
3 0.5911458333333333 0.38935185185185184 0.025 0.07129629629629632
3 0.53828125 0.3675925925925925 0.022395833333333393 0.07777777777777778
3 0.3159166666666666 0.5016759259259258 0.033781249999999916 0.11816666666666656
6 0.5654322916666666 0.2907962962962963 0.05572395833333328 0.1157777777777778
3 0.51171875 0.2573796296296296 0.015901041666666595 0.0582685185185185
3 0.5102552083333334 0.29362037037037036 0.015718750000000094 0.05935185185185187
3 0.4693645833333333 0.25702777777777774 0.02134895833333328 0.02512037037037034
3 0.4001458333333333 0.16085185185185186 0.00867708333333339 0.033972222222222216
3 0.3778020833333333 0.14597222222222223 0.007901041666666674 0.03209259259259262
3 0.39184375 0.13585185185185186 0.005843750000000014 0.019842592592592585
1 0.38512500000000005 0.11571296296296296 0.01366666666666667 0.019175925925925933
2 0.34644791666666663 0.0915 0.020223958333333326 0.02894444444444444
3 0.36818229166666666 0.10386111111111111 0.006437499999999918 0.023027777777777796
0 0.435265625 0.5919351851851851 0.1860104166666666 0.6521203703703703