3 0.5638020833333333 0.1986111111111111 0.025520833333333392 0.09722222222222222
1 0.5466145833333333 0.10833333333333334 0.056770833333333395 0.09444444444444444
1 0.4111979166666666 0.21018518518518517 0.07447916666666665 0.12592592592592589
2 0.3223958333333333 0.21388888888888888 0.1229166666666666 0.2111111111111111
3 0.4918489583333333 0.04861111111111111 0.015625 0.06018518518518518
1 0.2915052083333333 0.4895833333333333 0.19433854166666667 0.25499074074074063
3 0.49096874999999995 0.3931574074074074 0.026411458333333294 0.12628703703703698
2 0.6069322916666666 0.6914074074074074 0.1514895833333334 0.556861111111111
3 0.5792916666666666 0.06212037037037037 0.01707291666666677 0.05786111111111113
3 0.6438333333333334 0.0979074074074074 0.020015624999999915 0.06476851851851853
3 0.60428125 0.10689814814814814 0.021177083333333256 0.06148148148148147