5 0.22734375 0.512962962962963 0.2484375 0.41851851851851857
1 0.39791666666666664 0.5532407407407406 0.1385416666666667 0.37499999999999994
2 0.625 0.20509259259259258 0.0760416666666666 0.17129629629629628
1 0.4549479166666666 0.33055555555555555 0.0723958333333334 0.1574074074074074
1 0.4799479166666666 0.19398148148148148 0.05052083333333339 0.12129629629629626
3 0.3466145833333333 0.2037037037037037 0.0234375 0.0925925925925926
3 0.3114583333333333 0.2625 0.026041666666666696 0.10277777777777777
1 0.15636979166666667 0.08690740740740739 0.06695312499999999 0.07204629629629629
3 0.5634791666666666 0.08246296296296296 0.013328125000000135 0.04562962962962962
3 0.44594270833333327 0.06362962962962963 0.013781250000000078 0.053916666666666654
3 0.3920677083333333 0.1352222222222222 0.01881770833333336 0.07527777777777776
3 0.43285937499999994 0.10839814814814813 0.023072916666666644 0.06342592592592591
3 0.39575 0.06836111111111111 0.012010416666666668 0.03749074074074075