3 0.4338541666666666 0.7847222222222222 0.06875 0.21574074074074062
3 0.5815104166666666 0.45879629629629626 0.0390625 0.14907407407407414
3 0.6992916666666666 0.4242685185185185 0.05364583333333339 0.16256481481481488
3 0.5377604166666666 0.23287037037037037 0.0296875 0.10092592592592595
3 0.5018229166666666 0.14814814814814814 0.022395833333333393 0.08888888888888889
2 0.4260416666666666 0.17777777777777778 0.09270833333333335 0.2111111111111111
1 0.63984375 0.1421296296296296 0.07447916666666661 0.11388888888888887
1 0.580078125 0.024805555555555556 0.042234375000000136 0.04839814814814814
3 0.4939010416666666 0.06421296296296296 0.018411458333333287 0.0709074074074074
1 0.52734375 0.019990740740740736 0.034421874999999956 0.03843518518518518
3 0.4802083333333333 0.24200000000000002 0.029166666666666608 0.11971296296296288