6 0.2546875 0.48657407407407405 0.13541666666666663 0.2731481481481481
1 0.31953125 0.3194444444444444 0.0723958333333333 0.11666666666666667
0 0.4044270833333333 0.25555555555555554 0.08177083333333335 0.21851851851851845
2 0.6348958333333333 0.38703703703703696 0.10833333333333339 0.18518518518518512
1 0.374265625 0.7795185185185185 0.13501041666666672 0.4079907407407405
1 0.4829114583333333 0.15874999999999997 0.024473958333333278 0.03749074074074075
1 0.43847916666666664 0.12912037037037036 0.023770833333333387 0.04375925925925925
1 0.39575 0.14366666666666666 0.02865624999999996 0.04101851851851852
1 0.10644791666666667 0.8502037037037037 0.212890625 0.2995833333333334
3 0.5346666666666666 0.31727777777777777 0.019713541666666678 0.0776944444444444
2 0.3610833333333333 0.21277777777777776 0.048677083333333385 0.1001481481481481
3 0.5791041666666666 0.42491666666666666 0.03222916666666666 0.08913888888888882
2 0.40844791666666663 0.1116574074074074 0.020369791666666616 0.03559259259259259
6 0.4075520833333333 0.43194444444444446 0.08489583333333335 0.26203703703703696