1 0.5107447916666666 0.019314814814814816 0.017380208333333334 0.032222222222222215
2 0.2333333333333333 0.7629629629629628 0.33958333333333335 0.474074074074074
1 0.4700520833333333 0.20833333333333334 0.04322916666666661 0.07407407407407404
1 0.5141614583333334 0.07855555555555556 0.025421874999999972 0.04988888888888887
1 0.4685052083333333 0.10052777777777777 0.028489583333333356 0.05503703703703704
6 0.35229687499999995 0.1168148148148148 0.08910937499999996 0.08105555555555558
6 0.6127916666666666 0.052 0.04077083333333338 0.05015740740740742
1 0.47582812499999994 0.03184259259259259 0.019864583333333387 0.032527777777777774
3 0.5068385416666666 0.03726851851851852 0.006718750000000107 0.027203703703703702
3 0.5537135416666666 0.06900925925925926 0.009453125000000107 0.0367037037037037
1 0.42699999999999994 0.016925925925925928 0.030854166666666672 0.032768518518518516