6 0.6153645833333333 0.5944444444444444 0.1286458333333334 0.29074074074074063
3 0.4411458333333333 0.4294351851851852 0.027677083333333387 0.08213888888888887
1 0.2981770833333333 0.3574074074074074 0.0796875 0.11481481481481476
2 0.32291666666666663 0.4625 0.13125 0.26018518518518513
1 0.4130208333333333 0.6314814814814814 0.10208333333333335 0.27037037037037037
1 0.4442708333333333 0.3148148148148148 0.04166666666666661 0.0796296296296296
1 0.509375 0.2222222222222222 0.030208333333333393 0.05
1 0.49755729166666657 0.18413888888888888 0.02009375000000002 0.02894444444444443
1 0.44799999999999995 0.2586851851851852 0.03418229166666666 0.05289814814814812
1 0.43847916666666664 0.19336111111111112 0.025375000000000016 0.03887037037037039
1 0.46044791666666657 0.17773148148148146 0.02052083333333332 0.03486111111111111
1 0.4411614583333333 0.15180555555555553 0.017302083333333405 0.02637962962962964
1 0.4868177083333333 0.14410185185185184 0.016281249999999935 0.02489814814814812