3 0.5846354166666666 0.5236111111111111 0.0328125 0.137962962962963
2 0.44375 0.34444444444444444 0.048958333333333395 0.14259259259259255
1 0.4700520833333333 0.23009259259259257 0.024479166666666607 0.05648148148148151
1 0.48515625 0.19907407407407404 0.0234375 0.04629629629629627
1 0.5044270833333333 0.18472222222222223 0.022395833333333393 0.039814814814814824
3 0.44791666666666663 0.21666666666666667 0.010416666666666607 0.031481481481481506
3 0.4307291666666666 0.2148148148148148 0.007291666666666608 0.03333333333333333
3 0.65703125 0.45370370370370366 0.030729166666666606 0.11296296296296301
3 0.4895833333333333 0.3055555555555556 0.023958333333333394 0.06851851851851849
3 0.4321979166666667 0.1943333333333333 0.008005208333333336 0.027111111111111086
3 0.4556197916666666 0.18506481481481482 0.005401041666666551 0.02298148148148148
6 0.4672864583333333 0.15180555555555553 0.016098958333333434 0.02973148148148148
3 0.43070312499999996 0.2563333333333333 0.012807291666666564 0.045537037037036994