1 0.4373645833333333 0.020564814814814817 0.02112499999999997 0.040648148148148135
5 0.21223958333333331 0.5097222222222222 0.2223958333333333 0.36574074074074064
5 0.4270833333333333 0.20787037037037034 0.11041666666666661 0.31203703703703706
1 0.32760416666666664 0.1796296296296296 0.0989583333333333 0.08518518518518516
5 0.46953125 0.026851851851851856 0.0328125 0.05185185185185184
2 0.752046875 0.45582407407407405 0.15528124999999998 0.3206388888888889
6 0.9 0.8726851851851851 0.2 0.25462962962962954
5 0.55078125 0.12962962962962962 0.09427083333333339 0.19814814814814813
6 0.6369791666666667 0.20787037037037034 0.08229166666666661 0.12129629629629626
5 0.6514114583333332 0.49139814814814814 0.2641354166666666 0.5674629629629631
5 0.4099114583333333 0.07112962962962961 0.03582812499999997 0.07725925925925926
1 0.42871354166666664 0.03938888888888889 0.026260416666666765 0.04335185185185186
2 0.6148854166666666 0.12807407407407406 0.048104166666666795 0.0753425925925926