2 0.3513020833333333 0.3935185185185185 0.1338541666666666 0.22592592592592586
3 0.4583333333333333 0.3796296296296296 0.027083333333333393 0.09444444444444444
3 0.5575520833333333 0.40555555555555556 0.027604166666666607 0.0981481481481481
3 0.5321822916666666 0.27177777777777773 0.023104166666666613 0.07356481481481486
3 0.5893541666666666 0.26410185185185187 0.020645833333333207 0.06510185185185186
3 0.49535937499999994 0.20789814814814814 0.016343750000000056 0.05360185185185181
3 0.5766614583333334 0.04502777777777778 0.007432291666666657 0.03203703703703704
1 0.46167187499999995 0.0227037037037037 0.016526041666666734 0.03379629629629629
3 0.5224635416666666 0.15587962962962962 0.013687499999999986 0.05006481481481481
3 0.5063489583333334 0.11763888888888888 0.010010416666666622 0.039601851851851874
3 0.5004895833333334 0.04123148148148148 0.007666666666666622 0.02649074074074073
3 0.5288072916666666 0.05382407407407407 0.008812499999999978 0.028046296296296295
6 0.4782708333333333 0.0906574074074074 0.025999999999999978 0.05191666666666666
3 0.5551770833333334 0.01622222222222222 0.00639062500000005 0.021101851851851847
1 0.5102552083333334 0.020305555555555556 0.01854166666666668 0.03491666666666666
5 0.48266666666666663 0.06597222222222222 0.0238645833333333 0.04923148148148148
1 0.44647395833333337 0.16496296296296295 0.04322395833333328 0.08199074074074074