3 0.4044114583333333 0.11337037037037037 0.005734374999999936 0.025074074074074047
3 0.13984375 0.811574074074074 0.07447916666666665 0.2361111111111111
5 0.259375 0.7578703703703703 0.221875 0.4842592592592593
5 0.4893229166666666 0.4560185185185185 0.0723958333333334 0.19907407407407413
3 0.4427083333333333 0.34907407407407404 0.021875 0.07407407407407408
2 0.4466145833333333 0.23472222222222222 0.052604166666666605 0.125
1 0.38619791666666664 0.39120370370370366 0.0651041666666667 0.13425925925925922
0 0.4622395833333333 0.15416666666666667 0.05364583333333339 0.11759259259259255
3 0.37314062499999995 0.2109814814814815 0.014135416666666688 0.0542314814814815
3 0.40625 0.2037037037037037 0.011906250000000007 0.05555555555555555
3 0.2424427083333333 0.5664074074074074 0.03033333333333337 0.08864814814814821
3 0.4018020833333333 0.12490740740740741 0.005401041666666595 0.0289351851851852
3 0.42871354166666664 0.11534259259259258 0.00916145833333335 0.03075925925925927
3 0.3576666666666667 0.09944444444444443 0.0065104166666666964 0.02297222222222221
3 0.37049479166666666 0.06684259259259259 0.004718749999999971 0.019212962962962956
2 0.38291145833333334 0.09943518518518518 0.02851041666666667 0.039074074074074094
2 0.3439947916666667 0.06597222222222222 0.016526041666666647 0.025092592592592586
3 0.35640104166666664 0.2654814814814815 0.01785937500000001 0.0748703703703704