3 0.15390625 0.7796296296296296 0.0765625 0.2111111111111111
3 0.5880208333333333 0.44259259259259254 0.033333333333333395 0.11851851851851856
3 0.4104166666666666 0.38935185185185184 0.02604166666666665 0.09537037037037031
3 0.75234375 0.6074074074074074 0.0682291666666666 0.18888888888888888
3 0.5161458333333333 0.199537037037037 0.017708333333333392 0.05277777777777778
1 0.4515625 0.21435185185185182 0.040625 0.07685185185185182
1 0.4075520833333333 0.17175925925925925 0.031770833333333345 0.05092592592592593
2 0.39322916666666663 0.2796296296296296 0.051041666666666693 0.14629629629629626
1 0.3611979166666667 0.1787037037037037 0.0296875 0.05925925925925927
6 0.4276041666666666 0.10138888888888889 0.01875 0.04722222222222222
2 0.3885416666666667 0.08842592592592591 0.026041666666666696 0.04166666666666666
2 0.3484375 0.07916666666666666 0.028125 0.034259259259259246
3 0.4354166666666666 0.15416666666666667 0.010416666666666607 0.034259259259259246
3 0.4536458333333333 0.16666666666666666 0.011458333333333393 0.04074074074074074
1 0.459375 0.4754629629629629 0.0885416666666666 0.22685185185185192
3 0.4079583333333333 0.07454629629629629 0.008848958333333278 0.02369444444444445
3 0.4138177083333333 0.13932407407407407 0.013020833333333393 0.03553703703703705
3 0.43676562499999994 0.08338888888888889 0.008005208333333336 0.026490740740740745