1 0.5583333333333333 0.6398148148148147 0.125 0.3407407407407406
3 0.6463541666666666 0.5828703703703704 0.054166666666666606 0.19166666666666668
3 0.6369791666666667 0.29212962962962963 0.02604166666666661 0.09537037037037031
3 0.5229166666666666 0.34907407407407404 0.027083333333333393 0.1
1 0.4677083333333333 0.3587962962962963 0.05833333333333339 0.14351851851851855
1 0.34088541666666666 0.4152777777777778 0.08489583333333331 0.16944444444444445
6 0.45963541666666663 0.21018518518518517 0.04322916666666661 0.10370370370370367
2 0.52734375 0.1300925925925926 0.046354166666666606 0.08611111111111111
2 0.4567708333333333 0.08287037037037036 0.03541666666666661 0.05833333333333332
2 0.4481770833333333 0.12361111111111112 0.036979166666666605 0.08055555555555556
3 0.5666666666666667 0.18333333333333332 0.021875 0.05740740740740738
1 0.4301770833333333 0.0632037037037037 0.02002083333333342 0.04535185185185184
3 0.41740104166666664 0.052888888888888874 0.008708333333333406 0.02760185185185184