2 0.26276041666666666 0.6384259259259258 0.2536458333333333 0.4342592592592593
3 0.4567708333333333 0.8958333333333334 0.090625 0.20833333333333334
6 0.3515625 0.07498148148148148 0.08868229166666666 0.0888148148148148
1 0.48779166666666657 0.016981481481481483 0.02194270833333345 0.033962962962962966
3 0.5229479166666666 0.1400833333333333 0.014786458333333386 0.05566666666666664
6 0.5459010416666666 0.016888888888888884 0.024567708333333372 0.03376851851851852
3 0.578125 0.07612037037037035 0.013427083333333378 0.03836111111111112
1 0.6215833333333334 0.014824074074074075 0.05050520833333323 0.02964814814814815
2 0.46696875000000004 0.05543518518518518 0.03853124999999995 0.0741574074074074
3 0.5418541666666666 0.0642685185185185 0.011125000000000006 0.03672222222222222
3 0.5043124999999999 0.06002777777777778 0.009932291666666693 0.04661111111111112
3 0.5170885416666666 0.03662037037037036 0.009015624999999972 0.03567592592592592