3 0.408609375 0.022925925925925926 0.009651041666666593 0.028509259259259255
1 0.65234375 0.5680555555555555 0.16197916666666662 0.3342592592592593
1 0.42578125 0.37916666666666665 0.0671875 0.15648148148148142
1 0.4515625 0.2296296296296296 0.053125 0.10370370370370367
2 0.39140625 0.17731481481481481 0.0453125 0.10092592592592593
3 0.696875 0.4509259259259259 0.059375 0.14444444444444443
3 0.6083333333333333 0.3375 0.03229166666666661 0.10648148148148143
3 0.5308802083333333 0.28200925925925924 0.025296875000000087 0.09709259259259263
3 0.5522447916666666 0.17603703703703705 0.019468750000000055 0.07200925925925922
1 0.35620312499999995 0.10959259259259259 0.024229166666666656 0.04622222222222219
1 0.3950208333333333 0.09868518518518515 0.02418750000000003 0.045712962962962955
1 0.43427604166666656 0.11666666666666667 0.028968749999999942 0.05
3 0.43310416666666657 0.18174074074074073 0.01306770833333335 0.05360185185185181
3 0.35373958333333333 0.20816666666666667 0.017036458333333383 0.06768518518518521
3 0.4232552083333333 0.08125 0.0076197916666666645 0.029777777777777775
3 0.41113541666666664 0.06352777777777777 0.0064635416666666504 0.0281574074074074
3 0.4474322916666667 0.07326851851851851 0.009765625 0.031027777777777762
3 0.48133854166666656 0.11529629629629629 0.012531249999999971 0.044712962962962954
2 0.33301041666666664 0.04519444444444444 0.01513020833333334 0.03265740740740741
2 0.3611666666666667 0.046490740740740735 0.050390625 0.039768518518518516
6 0.4007239583333333 0.03245370370370369 0.014697916666666666 0.030601851851851845
3 0.37988541666666664 0.025 0.00717708333333329 0.016342592592592593