2 0.6869791666666666 0.725 0.18541666666666662 0.5166666666666667
5 0.41328125 0.7712962962962961 0.19739583333333335 0.4574074074074073
6 0.23619791666666665 0.7699074074074073 0.2796875 0.4601851851851851
3 0.2713541666666667 0.461574074074074 0.053125 0.12314814814814809
3 0.35859375 0.32870370370370366 0.031770833333333304 0.08518518518518516
6 0.31371875 0.1212037037037037 0.0913697916666667 0.09098148148148147
6 0.4177239583333333 0.19672222222222221 0.048307291666666655 0.12380555555555553
1 0.5244166666666666 0.31705555555555553 0.059541666666666694 0.102
3 0.5439479166666666 0.156 0.011869791666666707 0.05008333333333332
2 0.494140625 0.04275 0.020140624999999978 0.04866666666666666
3 0.49633854166666663 0.07906481481481481 0.009598958333333307 0.04803703703703704
6 0.45824999999999994 0.05330555555555555 0.024385416666666694 0.041879629629629635
6 0.5346666666666666 0.0860462962962963 0.029145833333333294 0.05805555555555554
2 0.4567864583333333 0.10606481481481479 0.036833333333333405 0.07204629629629629
6 0.5043958333333334 0.13530555555555554 0.0327760416666667 0.062333333333333324
6 0.46215624999999994 0.012953703703703705 0.016661458333333278 0.02589814814814814
3 0.5243541666666667 0.18937037037037036 0.014786458333333386 0.06755555555555554
2 0.45654166666666657 0.026583333333333334 0.021364583333333263 0.029268518518518513