3 0.9541666666666666 0.8671296296296295 0.09166666666666679 0.2657407407407406
3 0.8020833333333333 0.7805555555555556 0.084375 0.2222222222222222
3 0.7377604166666666 0.8574074074074073 0.06927083333333339 0.2574074074074073
1 0.5236979166666667 0.24537037037037035 0.03385416666666661 0.0796296296296296
5 0.5875 0.28703703703703703 0.05833333333333339 0.09444444444444444
3 0.5494791666666666 0.30601851851851847 0.017708333333333392 0.06944444444444445
3 0.5997395833333333 0.43425925925925923 0.0296875 0.11296296296296301
3 0.53359375 0.33703703703703697 0.0203125 0.07777777777777774
1 0.4794270833333333 0.20648148148148146 0.0265625 0.04629629629629627
2 0.40234375 0.4717592592592592 0.09739583333333335 0.2768518518518518
3 0.5143333333333333 0.19857407407407407 0.01146354166666672 0.036888888888888895
3 0.4419375 0.14846296296296296 0.009130208333333379 0.02450925925925923
2 0.4235833333333333 0.14941666666666667 0.018432291666666777 0.038574074074074045
3 0.40320312499999994 0.17589814814814814 0.008187500000000014 0.03304629629629628
1 0.43927083333333333 0.1216574074074074 0.010484375000000056 0.013981481481481477