3 0.443578125 0.09892592592592592 0.004359374999999943 0.01737962962962965
3 0.45582812500000003 0.16773148148148145 0.008994791666666658 0.038370370370370346
2 0.4301562499999999 0.1314074074074074 0.022838541666666677 0.027268518518518508
2 0.6744791666666666 0.524537037037037 0.15833333333333338 0.33981481481481474
3 0.38932291666666663 0.46203703703703697 0.035937499999999956 0.12222222222222222
3 0.58359375 0.35787037037037034 0.0234375 0.07685185185185187
3 0.6096354166666667 0.28100925925925924 0.019276041666666723 0.07317592592592592
3 0.58125 0.22050925925925924 0.015630208333333506 0.05343518518518514
3 0.5198802083333333 0.25228703703703703 0.015796875000000023 0.06394444444444439
3 0.552171875 0.22869444444444445 0.014755208333333237 0.04816666666666668
6 0.4859375 0.16898148148148145 0.028125 0.054629629629629604
6 0.49765625 0.14629629629629629 0.0234375 0.044444444444444446
6 0.4627604166666666 0.1310185185185185 0.021354166666666608 0.03611111111111111
2 0.4315104166666666 0.16342592592592592 0.024479166666666607 0.05277777777777778
1 0.4893229166666666 0.2601851851851852 0.0390625 0.09074074074074072
2 0.4140625 0.11860185185185185 0.021333333333333294 0.03719444444444445
6 0.46355208333333325 0.10351851851851851 0.01744270833333328 0.025583333333333316
1 0.42982812499999995 0.10007407407407407 0.012770833333333264 0.02433333333333334
3 0.46313541666666663 0.17620370370370372 0.009015624999999972 0.036185185185185174
3 0.54371875 0.17875925925925923 0.009473958333333421 0.04143518518518518
3 0.439828125 0.10203703703703704 0.004578124999999922 0.01924074074074073