1 0.36484375 0.6787037037037037 0.1453125 0.34814814814814815
3 0.6869791666666666 0.5444444444444444 0.03541666666666661 0.1388888888888889
1 0.4330729166666666 0.3435185185185185 0.0453125 0.08888888888888889
3 0.5111979166666666 0.37546296296296294 0.0203125 0.07685185185185187
3 0.4380208333333333 0.2421296296296296 0.011458333333333393 0.041666666666666664
2 0.4315104166666666 0.1898148148148148 0.024479166666666607 0.05370370370370371
2 0.61796875 0.5004629629629629 0.1151041666666666 0.2842592592592592
3 0.53125 0.20544444444444443 0.009828124999999943 0.03354629629629634
3 0.5415052083333334 0.23112037037037036 0.009229166666666622 0.03684259259259256
3 0.5232447916666667 0.19884259259259257 0.008375000000000021 0.037740740740740755
3 0.47094791666666663 0.16156481481481483 0.006588541666666714 0.018148148148148184
3 0.4586666666666666 0.15251851851851853 0.006666666666666643 0.02336111111111114
1 0.4020989583333333 0.15375 0.019119791666666684 0.020694444444444453
2 0.4272916666666666 0.1499537037037037 0.0180052083333333 0.02973148148148148