3 0.6421875 0.7171296296296296 0.054166666666666606 0.17314814814814816
3 0.6984375 0.5893518518518518 0.04791666666666661 0.15648148148148142
3 0.5666666666666667 0.40648148148148144 0.02604166666666661 0.09444444444444444
6 0.4854166666666666 0.2518518518518518 0.038541666666666606 0.09629629629629627
3 0.4247395833333333 0.3675925925925925 0.0234375 0.08703703703703702
2 0.4171875 0.17175925925925925 0.022916666666666606 0.05277777777777778
1 0.45629687499999994 0.12912037037037036 0.012479166666666685 0.02013888888888889
1 0.44457812499999994 0.14425925925925928 0.013276041666666672 0.02013888888888889
1 0.42138541666666657 0.12412962962962963 0.011869791666666707 0.01937962962962965
3 0.3881822916666666 0.18706481481481482 0.0078125 0.029944444444444426
2 0.3934739583333333 0.13666666666666666 0.018901041666666663 0.022351851851851852