1 0.3203125 0.47099074074074077 0.084375 0.14444444444444443
3 0.3247395833333333 0.34375 0.018229166666666696 0.06712962962962964
3 0.3794270833333333 0.2585648148148148 0.011979166666666697 0.04861111111111111
2 0.3661458333333333 0.3502314814814815 0.0458333333333333 0.08379629629629627
1 0.4338541666666666 0.38680555555555557 0.05104166666666661 0.09953703703703698
2 0.16235416666666666 0.7552129629629629 0.251953125 0.4644074074074075
1 0.43871874999999994 0.31488888888888883 0.037812499999999895 0.07312962962962967
1 0.41235416666666663 0.5594629629629629 0.10052604166666668 0.25
1 0.44653124999999994 0.26974999999999993 0.03448437500000008 0.06233333333333341
3 0.4047864583333333 0.2808148148148148 0.014671875000000023 0.054009259259259326
1 0.41528124999999994 0.22157407407407406 0.02372916666666658 0.03512962962962957
1 0.49340624999999994 0.22590740740740736 0.02504166666666663 0.03567592592592593
1 0.45410416666666664 0.18000925925925923 0.020338541666666644 0.03916666666666667
3 0.3791510416666667 0.24674074074074073 0.007906250000000004 0.025203703703703756
1 0.4509270833333333 0.22569444444444445 0.027114583333333366 0.045111111111111137
3 0.392578125 0.29014814814814816 0.017989583333333316 0.04107407407407406
1 0.44653124999999994 0.13411111111111113 0.010526041666666685 0.016342592592592572
3 0.4296875 0.19780555555555554 0.013588541666666565 0.025787037037037032
1 0.45765625 0.15085185185185182 0.010890625000000043 0.026888888888888907