2 0.4190104166666666 0.23425925925925925 0.03385416666666661 0.08888888888888889
5 0.4427083333333333 0.14259259259259258 0.030208333333333393 0.06666666666666667
1 0.4989583333333333 0.17083333333333334 0.027083333333333393 0.04537037037037038
1 0.4598958333333333 0.2 0.029166666666666608 0.05740740740740738
3 0.39296875 0.24027777777777778 0.01614583333333335 0.054629629629629604
6 0.4552083333333333 0.4666666666666667 0.07395833333333339 0.2
3 0.50078125 0.6986111111111111 0.04322916666666661 0.21203703703703705
3 0.7223958333333333 0.4532407407407407 0.04270833333333339 0.11759259259259254
1 0.4731770833333333 0.2657407407407407 0.03489583333333339 0.06296296296296294
2 0.4099114583333333 0.14257407407407405 0.02241666666666666 0.04155555555555554
3 0.4743645833333333 0.1539537037037037 0.007151041666666735 0.03299074074074074