6 0.58828125 0.7699074074074073 0.15052083333333338 0.4564814814814814
2 0.3466145833333333 0.7375 0.21302083333333335 0.4824074074074073
3 0.18125 0.8708333333333333 0.121875 0.21944444444444444
1 0.5671875 0.3884259259259259 0.0677083333333334 0.14351851851851855
3 0.41015625 0.42731481481481476 0.03697916666666665 0.11018518518518523
2 0.42421875 0.3 0.09114583333333334 0.1703703703703703
1 0.5395520833333334 0.21712037037037035 0.04894791666666674 0.08946296296296294
1 0.486328125 0.12293518518518519 0.03155729166666656 0.06152777777777775
5 0.5390625 0.1268425925925926 0.0316770833333333 0.07329629629629626
6 0.5500624999999999 0.05599074074074074 0.023864583333333477 0.049046296296296296
6 0.5307604166666666 0.0227037037037037 0.018265625000000084 0.034527777777777775
3 0.5771510416666666 0.06309259259259259 0.007963541666666707 0.03439814814814815
5 0.49633854166666663 0.01615740740740741 0.02116145833333345 0.030407407407407407
6 0.3688958333333333 0.13433333333333333 0.08416666666666664 0.08262962962962964
1 0.43847916666666664 0.03425925925925925 0.0288697916666667 0.03184259259259259