2 0.6390625 0.5666666666666667 0.1395833333333334 0.3407407407407406
3 0.51953125 0.5058611111111111 0.025520833333333392 0.12902777777777774
1 0.3994791666666666 0.5041666666666667 0.07812499999999996 0.16203703703703698
2 0.4354166666666666 0.20833333333333334 0.029166666666666608 0.06481481481481483
3 0.42057291666666663 0.30096296296296293 0.016145833333333394 0.0573333333333333
3 0.5424791666666666 0.21668518518518518 0.009229166666666622 0.028944444444444408
3 0.5498072916666666 0.23827777777777776 0.01252604166666682 0.036296296296296285
3 0.4860312499999999 0.1779907407407407 0.008260416666666614 0.026888888888888907
3 0.4965572916666666 0.16624074074074074 0.007218750000000007 0.024907407407407392
3 0.4692395833333333 0.16778703703703704 0.0068489583333333215 0.02737962962962962
2 0.43008854166666666 0.16519444444444445 0.018510416666666706 0.03607407407407405
5 0.4623749999999999 0.1440648148148148 0.015218750000000014 0.029185185185185168
3 0.7405729166666667 0.6377499999999999 0.06365104166666669 0.1862314814814816