5 0.24739583333333331 0.7543981481481481 0.159375 0.29953703703703705
3 0.6145833333333333 0.8923611111111112 0.060416666666666605 0.21435185185185174
0 0.4299479166666666 0.5692129629629629 0.2171875 0.6402777777777777
2 0.4067708333333333 0.17939814814814814 0.03125 0.08657407407407405
3 0.5255208333333333 0.23865740740740737 0.015625 0.06620370370370374
3 0.4773020833333333 0.16524999999999998 0.010416666666666607 0.05585185185185182
1 0.4047864583333333 0.09439814814814815 0.0136354166666667 0.018935185185185173
6 0.44555729166666663 0.0899537037037037 0.014505208333333287 0.027314814814814802
3 0.43115104166666657 0.07899074074074074 0.005619791666666707 0.01821296296296298
1 0.3959947916666666 0.07312962962962963 0.010406250000000039 0.017944444444444447
3 0.4282239583333333 0.14425925925925928 0.008848958333333278 0.03508333333333332