5 0.4350989583333333 0.1270740740740741 0.027010416666666613 0.05436111111111109
3 0.26041666666666663 0.8046296296296295 0.0739583333333333 0.20925925925925928
3 0.5270833333333333 0.6166666666666667 0.04375 0.18703703703703697
3 0.6489583333333333 0.6736111111111112 0.060416666666666605 0.19722222222222222
3 0.4901041666666666 0.4768518518518518 0.03125 0.12037037037037032
3 0.628125 0.30972222222222223 0.019791666666666607 0.07314814814814817
6 0.4536458333333333 0.3643518518518518 0.05833333333333339 0.14166666666666666
1 0.4658854166666666 0.22685185185185183 0.030729166666666606 0.05555555555555555
1 0.4481770833333333 0.17083333333333334 0.027604166666666607 0.04722222222222222
2 0.41666666666666663 0.19583333333333333 0.03229166666666661 0.06944444444444445
1 0.478125 0.14444444444444443 0.021875 0.04074074074074075
3 0.45410416666666664 0.13368518518518518 0.005911458333333286 0.024620370370370362
3 0.390625 0.1824722222222222 0.007635416666666739 0.03975925925925926
3 0.38769791666666664 0.13031481481481483 0.006796874999999947 0.02369444444444445
3 0.41284374999999995 0.12163888888888888 0.00927083333333325 0.02742592592592593
2 0.4035364583333333 0.13126851851851853 0.02175520833333331 0.03735185185185183