1 0.5950520833333333 0.4263888888888889 0.09427083333333339 0.137962962962963
1 0.42421875 0.4907407407407407 0.07239583333333335 0.18703703703703697
3 0.44590625 0.33495370370370364 0.022468749999999992 0.08751851851851847
2 0.38619791666666664 0.3106481481481481 0.061979166666666696 0.1324074074074074
1 0.5091145833333333 0.2550925925925926 0.03802083333333339 0.06018518518518516
1 0.31621875 0.3247314814814814 0.0669635416666666 0.09656481481481474
1 0.44677604166666657 0.2703981481481481 0.034364583333333344 0.0674907407407407
1 0.45336979166666663 0.2179907407407407 0.02780208333333345 0.0434259259259259
1 0.49096874999999995 0.17404629629629628 0.021406249999999894 0.0333703703703704
1 0.448171875 0.16349074074074071 0.017557291666666686 0.030574074074074038
1 0.46177604166666664 0.1526574074074074 0.015927083333333238 0.023814814814814827