2 0.5981770833333333 0.29094444444444445 0.0838541666666666 0.19259259259259254
2 0.4966145833333333 0.1375 0.04322916666666661 0.08055555555555556
2 0.4424479166666666 0.18472222222222223 0.0390625 0.10833333333333334
1 0.46354166666666663 0.4907407407407407 0.07916666666666661 0.20370370370370366
3 0.5932291666666666 0.5819444444444445 0.04583333333333339 0.16018518518518524
3 0.696875 0.512962962962963 0.05 0.15370370370370365
6 0.4098958333333333 0.3310185185185185 0.071875 0.15462962962962964
1 0.6018229166666667 0.8856481481481481 0.16197916666666662 0.2287037037037038
1 0.17005208333333333 0.9074074074074073 0.19947916666666665 0.1851851851851851
3 0.45433854166666665 0.11732407407407405 0.009427083333333286 0.03610185185185186
5 0.43261979166666664 0.1029722222222222 0.02571354166666655 0.06212037037037036
3 0.4143645833333333 0.09073148148148147 0.006343750000000092 0.02997222222222223
1 0.40303125 0.07719444444444444 0.014864583333333315 0.024175925925925927
6 0.4497083333333333 0.04155555555555556 0.016218749999999994 0.025203703703703697
3 0.4398802083333333 0.05859259259259259 0.005911458333333286 0.02369444444444445
1 0.4138177083333333 0.05037037037037037 0.013687499999999986 0.02538888888888889
2 0.38519270833333336 0.05913888888888889 0.021578125000000004 0.0336111111111111
0 0.4230677083333333 0.02882407407407407 0.01626041666666662 0.037990740740740735
6 0.4552083333333333 0.07083333333333333 0.019791666666666607 0.0398148148148148