5 0.5361979166666666 0.3259259259259259 0.0515625 0.10925925925925929
5 0.6341145833333333 0.39120370370370366 0.08489583333333339 0.16203703703703698
1 0.4588541666666666 0.5152777777777777 0.07083333333333339 0.16759259259259254
2 0.4783854166666666 0.2384259259259259 0.031770833333333394 0.07685185185185182
3 0.43359375 0.26435185185185184 0.013020833333333393 0.045370370370370394
3 0.43676562499999994 0.22827777777777772 0.010854166666666564 0.039351851851851825
3 0.4704583333333333 0.19271296296296295 0.008989583333333329 0.021509259259259277
3 0.39526562499999995 0.18869444444444441 0.008286458333333347 0.027861111111111093
5 0.45068229166666657 0.1618888888888889 0.019640625000000078 0.052
2 0.4181458333333333 0.12687037037037036 0.014328124999999936 0.022537037037037026
3 0.43624479166666663 0.1369537037037037 0.004213541666666565 0.01824074074074073