3 0.4020833333333333 0.5356481481481481 0.04166666666666665 0.12870370370370365
3 0.6166666666666666 0.6162037037037037 0.039583333333333394 0.1731481481481481
1 0.7541666666666667 0.6486111111111111 0.1760416666666667 0.33981481481481485
5 0.5541666666666666 0.2513888888888889 0.055208333333333394 0.08796296296296294
3 0.4838541666666666 0.3273148148148148 0.02083333333333339 0.06574074074074071
5 0.43125 0.2722222222222222 0.040625 0.0814814814814815
2 0.41171875 0.37083333333333335 0.0609375 0.1731481481481481
1 0.54765625 0.35787037037037034 0.06614583333333339 0.12870370370370365
5 0.4755208333333333 0.7319444444444444 0.1979166666666666 0.5361111111111111
3 0.477 0.26375925925925925 0.016875000000000105 0.05663888888888885
3 0.5029322916666666 0.1722037037037037 0.00803124999999998 0.02742592592592593