5 0.5001197916666666 0.045611111111111116 0.01577083333333338 0.037064814814814814
6 0.29166666666666663 0.6708333333333333 0.2229166666666667 0.35648148148148134
5 0.4578125 0.6074074074074074 0.1354166666666666 0.3703703703703703
2 0.6346354166666666 0.38935185185185184 0.0994791666666666 0.2509259259259259
3 0.3583333333333333 0.33425925925925926 0.030208333333333302 0.09814814814814818
1 0.5200520833333333 0.2671296296296296 0.05052083333333339 0.08796296296296294
2 0.43125 0.1759259259259259 0.039583333333333394 0.10185185185185183
3 0.4125 0.2652777777777778 0.021875 0.07314814814814817
1 0.51171875 0.1271574074074074 0.028593750000000105 0.05382407407407407
2 0.47265625 0.1016574074074074 0.03289583333333344 0.06613888888888889
6 0.5336927083333334 0.07796296296296296 0.02670312500000005 0.04969444444444442
3 0.5050208333333333 0.07445370370370369 0.007932291666666735 0.040370370370370355
1 0.46386979166666664 0.052703703703703704 0.021286458333333334 0.036703703703703704
1 0.4724114583333333 0.021592592592592594 0.016463541666666616 0.028268518518518516
3 0.5115729166666666 0.020157407407407405 0.0063333333333334355 0.022287037037037036
3 0.541015625 0.1545925925925926 0.013020833333333393 0.04511111111111106
3 0.544265625 0.1263148148148148 0.010781249999999964 0.04723148148148147
6 0.32299999999999995 0.13270370370370368 0.08691666666666657 0.08718518518518516
1 0.39551041666666664 0.03697222222222222 0.02937500000000006 0.032962962962962965