3 0.3177083333333333 0.6902777777777778 0.06354166666666669 0.20833333333333334
2 0.371875 0.4263888888888889 0.090625 0.212037037037037
6 0.5143229166666666 0.22685185185185183 0.03489583333333339 0.07222222222222222
3 0.45703125 0.2185185185185185 0.0109375 0.03518518518518516
2 0.4700520833333333 0.2833333333333333 0.041145833333333395 0.1
3 0.4296875 0.19162037037037033 0.008989583333333329 0.02937962962962965
5 0.47754166666666664 0.1539722222222222 0.021119791666666644 0.031981481481481486
3 0.5278333333333334 0.18283333333333332 0.00763541666666665 0.028268518518518547
2 0.4351041666666666 0.13914814814814816 0.013375000000000092 0.02790740740740741
3 0.41918749999999994 0.14333333333333334 0.005708333333333293 0.020879629629629626
1 0.4445677083333333 0.16600925925925925 0.01711458333333322 0.030425925925925926