1 0.44433854166666664 0.14539814814814814 0.015671874999999957 0.028481481481481472
1 0.43823437499999995 0.15700925925925924 0.022291666666666644 0.03100925925925928
3 0.4687916666666666 0.14405555555555555 0.005317708333333293 0.019574074074074074
1 0.48730729166666664 0.15212962962962961 0.017854166666666595 0.03719444444444445
2 0.7838541666666666 0.7856481481481481 0.3114583333333332 0.42870370370370375
2 0.4369791666666666 0.32175925925925924 0.04583333333333339 0.13796296296296293
3 0.5713541666666666 0.3032407407407407 0.016666666666666607 0.06388888888888888
3 0.5088541666666666 0.28055555555555556 0.016666666666666607 0.05555555555555555
2 0.4421875 0.2013888888888889 0.029166666666666608 0.06759259259259259
3 0.5747395833333333 0.24398148148148147 0.016145833333333394 0.045370370370370394
3 0.61015625 0.35833333333333334 0.024479166666666607 0.08148148148148147
3 0.65 0.40879629629629627 0.02604166666666661 0.07870370370370365
3 0.6684895833333333 0.374537037037037 0.0234375 0.075
5 0.49707291666666664 0.16275925925925927 0.02865625000000005 0.04527777777777773
3 0.4919427083333333 0.20854629629629626 0.011067708333333393 0.03819444444444445
3 0.5341822916666666 0.18738888888888888 0.0112916666666667 0.040009259259259244
3 0.4731197916666666 0.15730555555555553 0.006802083333333364 0.024518518518518523
3 0.4555677083333333 0.13530555555555554 0.005062500000000014 0.01808333333333331
2 0.4067395833333333 0.10876851851851851 0.012770833333333264 0.025787037037037032
2 0.4223645833333333 0.11121296296296294 0.009713541666666714 0.020305555555555563