3 0.39102604166666666 0.11284259259259259 0.006302083333333286 0.024962962962962958
3 0.3858645833333333 0.13093518518518518 0.007166666666666632 0.029546296296296307
3 0.6206458333333333 0.3740092592592592 0.030880208333333315 0.10198148148148142
2 0.54609375 0.35648148148148145 0.08697916666666661 0.1981481481481481
1 0.4096354166666666 0.1884259259259259 0.0265625 0.05092592592592593
3 0.3872395833333333 0.30039814814814814 0.018229166666666696 0.0769814814814815
3 0.3109427083333333 0.5149444444444444 0.03751041666666666 0.14604629629629626
3 0.3338541666666667 0.6232777777777778 0.046875 0.19417592592592586
6 0.36666666666666664 0.10694444444444444 0.023958333333333304 0.03611111111111111
3 0.38379166666666664 0.15348148148148147 0.008677083333333346 0.03578703703703701
3 0.3920885416666666 0.12792592592592592 0.007151041666666647 0.02587962962962962
3 0.4567864583333333 0.16135185185185183 0.008677083333333436 0.03567592592592591
1 0.41723437499999994 0.10537962962962963 0.019119791666666684 0.028370370370370344
1 0.3982395833333333 0.09424074074074072 0.013390625000000034 0.01952777777777778
1 0.37793229166666664 0.08653703703703702 0.012572916666666689 0.018435185185185186