2 0.3479166666666666 0.6451388888888889 0.12499999999999996 0.3717592592592591
1 0.6346354166666666 0.42754629629629626 0.0911458333333334 0.17916666666666667
5 0.45 0.343287037037037 0.1041666666666666 0.2606481481481482
1 0.59921875 0.2791666666666667 0.0515625 0.07314814814814817
3 0.5458333333333333 0.27476851851851847 0.014583333333333393 0.06805555555555555
1 0.5192708333333333 0.21921296296296294 0.03229166666666661 0.05879629629629627
3 0.39609375 0.2754629629629629 0.0140625 0.062037037037037064
2 0.4434895833333333 0.1511574074074074 0.0234375 0.044907407407407424
3 0.4958333333333333 0.17083333333333334 0.023958333333333394 0.03611111111111111
3 0.42838541666666663 0.21921296296296294 0.009895833333333392 0.04398148148148151
3 0.45629687499999994 0.20540740740740737 0.010453124999999907 0.026194444444444465
3 0.48071354166666663 0.2105 0.012723958333333308 0.048250000000000015
2 0.42333854166666657 0.12380555555555556 0.020723958333333313 0.034129629629629656
5 0.48535416666666664 0.1402962962962963 0.020765624999999944 0.03770370370370368
6 0.4536145833333333 0.12543518518518518 0.01704166666666662 0.02905555555555554