1 0.45 0.699074074074074 0.1291666666666666 0.3944444444444444
3 0.3263020833333333 0.44259259259259254 0.0296875 0.12222222222222222
2 0.4776041666666666 0.29444444444444445 0.055208333333333394 0.16111111111111112
2 0.4059895833333333 0.28425925925925927 0.05052083333333335 0.14814814814814817
3 0.55859375 0.19444444444444445 0.016145833333333394 0.05555555555555555
2 0.5106770833333333 0.18518518518518515 0.03802083333333339 0.08703703703703704
1 0.46640625 0.18611111111111112 0.0296875 0.05185185185185182
2 0.44296875 0.13148148148148148 0.0265625 0.04629629629629627
2 0.3986979166666666 0.11157407407407406 0.017187499999999956 0.0398148148148148
1 0.45141666666666663 0.08447222222222223 0.015249999999999986 0.02538888888888887
3 0.4790052083333333 0.10221296296296296 0.006562499999999893 0.02209259259259259
3 0.46435416666666657 0.10052777777777777 0.005510416666666629 0.019842592592592585
5 0.43168749999999995 0.09777777777777777 0.026302083333333393 0.06163888888888888
3 0.41007812499999996 0.09216666666666666 0.004328124999999972 0.01646296296296296
3 0.4157187499999999 0.09494444444444444 0.004932291666666621 0.0212962962962963