3 0.42489583333333325 0.5243888888888889 0.03145312499999999 0.1253055555555556
3 0.2661458333333333 0.6207685185185184 0.0416666666666667 0.14920370370370378
5 0.48984375 0.3703703703703703 0.0765625 0.1981481481481481
2 0.5341145833333333 0.27361111111111114 0.05364583333333339 0.11388888888888889
1 0.487796875 0.6935185185185185 0.11294791666666662 0.36481481481481476
2 0.4291666666666666 0.21435185185185182 0.030208333333333393 0.07314814814814816
1 0.63515625 0.41018518518518515 0.0796875 0.14259259259259255
1 0.4392083333333333 0.18218518518518517 0.022765625000000077 0.04720370370370372
1 0.47734375 0.17777777777777778 0.027604166666666607 0.048148148148148155
3 0.4609375 0.15871296296296294 0.008286458333333436 0.027861111111111076
3 0.47754166666666664 0.14702777777777776 0.0064635416666666504 0.02167592592592595
3 0.5004895833333334 0.17622222222222222 0.008093749999999922 0.03222222222222223
3 0.4446927083333333 0.1637685185185185 0.007317708333333251 0.025
3 0.4313489583333333 0.1296574074074074 0.004578124999999922 0.020092592592592596
3 0.42747916666666663 0.12924074074074074 0.00475520833333345 0.022148148148148177
3 0.5107447916666666 0.15733333333333333 0.007546875000000064 0.028370370370370344
1 0.45043749999999994 0.11360185185185184 0.011197916666666608 0.020222222222222225