2 0.420171875 0.14272222222222222 0.018906250000000034 0.028620370370370393
6 0.7750729166666666 0.7230833333333332 0.20744270833333323 0.42764814814814794
3 0.5885416666666666 0.7636203703703703 0.055208333333333394 0.23571296296296293
3 0.6296875 0.4097222222222222 0.02604166666666661 0.09537037037037031
1 0.4453125 0.3449074074074074 0.05625 0.1212962962962963
1 0.44401041666666663 0.24907407407407406 0.0296875 0.05370370370370373
3 0.49296875 0.27314814814814814 0.013020833333333393 0.05555555555555555
2 0.42265625 0.17129629629629628 0.022395833333333393 0.044444444444444425
3 0.45190624999999995 0.18240740740740738 0.0067968750000000355 0.027740740740740715
3 0.3908697916666667 0.18478703703703703 0.010406250000000039 0.028268518518518488
3 0.49902604166666664 0.17068518518518516 0.007010416666666686 0.02499999999999998