1 0.21614583333333331 0.5673611111111111 0.12604166666666664 0.20324074074074064
1 0.41015625 0.5849537037037037 0.0890625 0.2217592592592592
1 0.4276041666666666 0.3712962962962963 0.053125 0.12222222222222222
2 0.4125 0.23541666666666666 0.028125 0.061574074074074045
1 0.5072916666666666 0.25740740740740736 0.027083333333333393 0.04259259259259262
1 0.4924479166666666 0.20902777777777778 0.0203125 0.025462962962962937
1 0.3715833333333333 0.8460833333333333 0.1629635416666666 0.3078333333333334
1 0.44629166666666664 0.30273148148148143 0.03216666666666672 0.06851851851851849
1 0.4522135416666666 0.26279629629629625 0.023515625000000106 0.04657407407407403
1 0.45263541666666657 0.23546296296296296 0.026552083333333344 0.045712962962963
1 0.47973437499999994 0.17687037037037037 0.015427083333333336 0.020305555555555563
1 0.45934375000000005 0.19780555555555554 0.019302083333333366 0.04234259259259261