3 0.62109375 0.4907407407407407 0.036979166666666605 0.12777777777777777
2 0.53515625 0.16574074074074074 0.047395833333333394 0.11851851851851854
6 0.44609375 0.21296296296296294 0.0640625 0.13148148148148145
3 0.4997395833333333 0.25046296296296294 0.025520833333333392 0.08796296296296294
3 0.3989583333333333 0.175 0.021875 0.06296296296296294
3 0.5872395833333333 0.22824074074074072 0.022395833333333393 0.08055555555555556
1 0.4447916666666666 0.5333333333333333 0.09166666666666665 0.2092592592592592
3 0.5739583333333333 0.1537037037037037 0.01875 0.06481481481481483
2 0.49316666666666664 0.025527777777777778 0.027177083333333307 0.051055555555555555
1 0.4782708333333333 0.08211111111111112 0.030671874999999994 0.04758333333333332
1 0.5463854166666666 0.04885185185185185 0.027588541666666622 0.04785185185185183
3 0.5263697916666666 0.02918518518518518 0.008375000000000021 0.03966666666666667
3 0.6108385416666666 0.1429074074074074 0.016786458333333344 0.05555555555555555
3 0.5727552083333334 0.07226851851851851 0.013536458333333279 0.052944444444444454
3 0.5854479166666666 0.13704629629629628 0.015604166666666686 0.04475925925925929