2 0.14453125 0.7493055555555556 0.2890625 0.4986111111111111
1 0.3442708333333333 0.3724537037037037 0.09270833333333331 0.18379629629629624
6 0.39140625 0.23171296296296293 0.05364583333333335 0.11157407407407405
1 0.4453125 0.3571759259259259 0.060416666666666605 0.12916666666666668
1 0.4192708333333333 0.16273148148148148 0.030208333333333393 0.05694444444444444
2 0.6458333333333333 0.32939814814814816 0.0916666666666666 0.1532407407407407
6 0.3799479166666666 0.7835648148148148 0.17656249999999996 0.43009259259259264
1 0.5734375 0.40856481481481477 0.075 0.12453703703703699
1 0.453125 0.23809259259259258 0.04315625000000001 0.09787962962962958
6 0.46842708333333327 0.15035185185185185 0.03173958333333342 0.06369444444444447
1 0.515625 0.13758333333333334 0.026197916666666644 0.04196296296296297
1 0.5032916666666667 0.08327777777777777 0.015572916666666714 0.02512962962962962
3 0.440359375 0.11143518518518516 0.01111458333333335 0.03699074074074073