3 0.8966145833333332 0.7370370370370369 0.0921875 0.23333333333333334
6 0.47265625 0.6087962962962962 0.1015625 0.30833333333333324
1 0.5018229166666666 0.3143518518518518 0.04427083333333339 0.08796296296296298
2 0.44401041666666663 0.274537037037037 0.046354166666666606 0.10833333333333334
1 0.4953125 0.2273148148148148 0.03541666666666661 0.07314814814814817
1 0.5494791666666666 0.2060185185185185 0.03229166666666661 0.054629629629629604
2 0.447265625 0.1496296296296296 0.024276041666666616 0.04774074074074074
3 0.5217239583333333 0.18354629629629626 0.009151041666666693 0.03870370370370371
3 0.4183020833333333 0.15950925925925927 0.007359375000000057 0.025620370370370397
3 0.4138333333333333 0.2827222222222222 0.015494791666666608 0.0645
2 0.4223645833333333 0.13530555555555554 0.020645833333333384 0.033749999999999974
3 0.5483385416666666 0.15234259259259259 0.007151041666666735 0.027861111111111076
1 0.447984375 0.11777777777777777 0.011864583333333378 0.01757407407407408
3 0.47485416666666663 0.12228703703703701 0.006338541666666764 0.012231481481481489
5 0.48193229166666657 0.15700925925925924 0.03353645833333339 0.07411111111111113