2 0.4586874999999999 0.19167592592592592 0.016729166666666552 0.04957407407407407
1 0.7317708333333333 0.6032407407407407 0.1510416666666666 0.28796296296296303
1 0.4911458333333333 0.4074074074074074 0.06354166666666661 0.17222222222222222
5 0.4903645833333333 0.24166666666666667 0.0484375 0.12407407407407404
2 0.2833333333333333 0.7597222222222222 0.20625 0.48055555555555557
1 0.4783854166666666 0.8648148148148148 0.1286458333333334 0.2703703703703705
3 0.4335729166666667 0.21833333333333332 0.01047916666666655 0.04556481481481482
1 0.5182291666666666 0.1875 0.023958333333333394 0.039814814814814824
2 0.42109375 0.1648148148148148 0.0203125 0.044444444444444446
3 0.828125 0.9222222222222223 0.1177083333333333 0.15555555555555556
6 0.48266666666666663 0.15451851851851853 0.019500000000000028 0.03754629629629629
3 0.5470416666666666 0.17982407407407408 0.009807291666666629 0.036666666666666695
3 0.4329427083333333 0.1938148148148148 0.009317708333333386 0.0295740740740741
1 0.4516614583333333 0.14333333333333334 0.017578125 0.031601851851851846
1 0.4665520833333333 0.13031481481481483 0.014281249999999978 0.02700925925925929
1 0.43115104166666657 0.1481111111111111 0.01583854166666665 0.031138888888888872
3 0.4561406249999999 0.12996296296296297 0.005619791666666707 0.020694444444444453