1 0.50271875 0.1726574074074074 0.017302083333333405 0.03515740740740739
1 0.4190104166666666 0.6861111111111111 0.12239583333333334 0.3203703703703704
3 0.153609375 0.6295555555555555 0.09263541666666666 0.2308148148148148
1 0.2622395833333333 0.6287037037037037 0.18072916666666664 0.3148148148148148
1 0.3833333333333333 0.38009259259259254 0.07604166666666665 0.11203703703703699
3 0.33229166666666665 0.3494074074074074 0.030208333333333302 0.09749074074074066
2 0.6005208333333333 0.44953703703703696 0.084375 0.18981481481481477
3 0.745421875 0.6546944444444445 0.043973958333333306 0.14615740740740735
1 0.4685052083333333 0.3448333333333333 0.058656249999999945 0.13075000000000006
1 0.482421875 0.24560185185185182 0.03228645833333328 0.05547222222222222
1 0.44799999999999995 0.21516666666666664 0.024885416666666594 0.039092592592592644
1 0.47188541666666667 0.1723148148148148 0.019593749999999945 0.03469444444444441
3 0.5334843749999999 0.19841666666666666 0.010416666666666607 0.03703703703703706
1 0.492125 0.19525925925925922 0.018718750000000027 0.03515740740740743