3 0.409375 0.4129629629629629 0.027083333333333348 0.1018518518518519
3 0.28359375 0.48287037037037034 0.0390625 0.13055555555555556
3 0.12942708333333333 0.8717592592592592 0.07864583333333333 0.2564814814814816
3 0.39921875 0.2060185185185185 0.0140625 0.04722222222222222
1 0.3026041666666667 0.7800925925925926 0.1635416666666667 0.39907407407407397
2 0.5005208333333333 0.4361111111111111 0.09791666666666661 0.25740740740740736
2 0.40859375 0.13148148148148148 0.0328125 0.05
0 0.4697916666666666 0.23472222222222222 0.060416666666666605 0.19351851851851848
6 0.49479166666666663 0.1625 0.033333333333333395 0.058333333333333334
3 0.3688958333333333 0.14594444444444443 0.008515624999999982 0.027861111111111076
3 0.38965104166666664 0.18034259259259258 0.009302083333333312 0.037546296296296314
3 0.4360364583333333 0.13249074074074074 0.009229166666666622 0.030657407407407432
3 0.36010937499999995 0.08837962962962963 0.006666666666666643 0.02333333333333333
3 0.36840625 0.09151851851851851 0.0075208333333333325 0.024935185185185196