1 0.4003697916666667 0.07892592592592591 0.009229166666666667 0.021750000000000016
1 0.39141145833333335 0.08412037037037036 0.008661458333333361 0.01517592592592591
0 0.43828125 0.4939814814814814 0.1588541666666666 0.5157407407407406
5 0.33697916666666666 0.48518518518518516 0.0885416666666667 0.15555555555555556
3 0.1421875 0.8236111111111111 0.075 0.22129629629629619
3 0.5731770833333333 0.7152777777777778 0.04947916666666661 0.1824074074074073
3 0.5 0.2046296296296296 0.0125 0.05185185185185182
3 0.4578125 0.1560185185185185 0.011458333333333393 0.03240740740740742
2 0.4057291666666666 0.1662037037037037 0.029166666666666653 0.07129629629629627
3 0.423828125 0.14626851851851852 0.007932291666666735 0.0227037037037037
1 0.39793749999999994 0.09984259259259258 0.014286458333333396 0.02331481481481481
1 0.370359375 0.11018518518518518 0.0136354166666667 0.020222222222222225
6 0.4353020833333333 0.09689814814814815 0.013276041666666672 0.025481481481481476
3 0.4216302083333333 0.0899537037037037 0.005447916666666686 0.020388888888888897