6 0.3661458333333333 0.624537037037037 0.1125 0.3546296296296295
1 0.2153645833333333 0.637037037037037 0.1578125 0.27037037037037037
1 0.334375 0.3486111111111111 0.0645833333333333 0.11759259259259254
1 0.4044270833333333 0.40509259259259256 0.06302083333333335 0.14537037037037032
1 0.3684895833333333 0.2777777777777778 0.0380208333333333 0.05555555555555555
2 0.67421875 0.575 0.1432291666666666 0.26851851851851843
1 0.4222447916666667 0.27314814814814814 0.03645833333333339 0.06481481481481484
4 0.47339062499999995 0.2221111111111111 0.025468750000000106 0.040009259259259265
1 0.38183854166666664 0.24413888888888888 0.029921875000000053 0.04299999999999997
1 0.42456249999999995 0.2350277777777778 0.029541666666666622 0.04492592592592596
1 0.40112499999999995 0.20941666666666664 0.02527083333333331 0.03559259259259259
1 0.43341145833333333 0.2001851851851852 0.018635416666666592 0.028240740740740716
1 0.4609479166666667 0.18564814814814815 0.017104166666666566 0.027629629629629608