6 0.5369791666666666 0.4611759259259259 0.090625 0.17685185185185176
4 0.4916666666666666 0.29953703703703705 0.04375 0.07314814814814817
3 0.6077291666666665 0.4541296296296296 0.027958333333333307 0.09914814814814814
1 0.3625 0.2907407407407407 0.04375 0.08333333333333333
1 0.3294270833333333 0.38333333333333336 0.0661458333333333 0.1111111111111111
6 0.4041666666666666 0.4185185185185185 0.06770833333333334 0.18703703703703697
2 0.13125 0.7402777777777778 0.2614583333333333 0.5194444444444445
1 0.41674999999999995 0.3146666666666666 0.04611458333333331 0.0958148148148148
1 0.3842760416666666 0.2536851851851852 0.031739583333333335 0.05222222222222218
1 0.43237499999999995 0.23849999999999996 0.028442708333333223 0.050564814814814854
1 0.43579166666666663 0.19129629629629627 0.018156250000000006 0.0333703703703704
1 0.392578125 0.21716666666666667 0.02784895833333336 0.04839814814814818
1 0.41040104166666663 0.19271296296296295 0.018937500000000006 0.03431481481481481
1 0.4704583333333333 0.2285185185185185 0.025666666666666595 0.041472222222222244
1 0.46386979166666664 0.2016018518518518 0.019010416666666606 0.03271296296296297
1 0.4972083333333333 0.20507407407407405 0.017557291666666686 0.03198148148148153
1 0.4598489583333333 0.18232407407407406 0.014510416666666614 0.02574074074074076
1 0.4865260416666667 0.19120370370370368 0.016281249999999935 0.02171296296296295
1 0.311765625 0.8541666666666666 0.16345312499999992 0.29101851851851845
3 0.49656770833333325 0.22443518518518515 0.009932291666666693 0.04006481481481477
3 0.483390625 0.21085185185185185 0.007255208333333307 0.033277777777777746