2 0.3768229166666667 0.4027777777777778 0.0817708333333333 0.25185185185185177
1 0.4578125 0.8259259259259258 0.15 0.34814814814814815
1 0.5088541666666666 0.20694444444444443 0.055208333333333394 0.1046296296296296
3 0.5640625 0.20927777777777778 0.021875 0.06849074074074071
1 0.42057291666666663 0.20925925925925926 0.03802083333333339 0.0796296296296296
3 0.4686145833333333 0.12842592592592592 0.014848958333333329 0.05055555555555556
3 0.4958333333333333 0.12224074074074075 0.0125 0.04625925925925923
2 0.38776041666666666 0.1324074074074074 0.0338541666666667 0.07407407407407408
5 0.4354166666666666 0.13796296296296295 0.03541666666666661 0.0648148148148148
1 0.35182291666666665 0.09259259259259257 0.022395833333333302 0.03703703703703702
1 0.41528124999999994 0.0759537037037037 0.022078124999999994 0.03887037037037035
3 0.358640625 0.13010185185185183 0.008614583333333314 0.03337037037037038
3 0.4086197916666666 0.11950925925925925 0.010578124999999971 0.042666666666666665
3 0.4008802083333333 0.06076851851851851 0.006984375000000043 0.024518518518518523
3 0.42016666666666663 0.05881481481481481 0.006640625 0.023055555555555548
3 0.4099114583333333 0.04693518518518518 0.006192708333333385 0.021851851851851848
2 0.3369947916666666 0.045712962962962955 0.05017708333333326 0.0413148148148148
1 0.3786614583333333 0.07058333333333333 0.019911458333333344 0.0342037037037037
3 0.34243229166666667 0.011935185185185186 0.02002083333333333 0.02387037037037037
3 0.4802239583333333 0.07519444444444444 0.008677083333333436 0.035703703703703696
3 0.5213020833333333 0.15809259259259256 0.015380208333333378 0.05037037037037033