0 0.4644895833333333 0.17741666666666667 0.05484375000000004 0.1357037037037037
2 0.45572916666666663 0.27361111111111114 0.05833333333333339 0.13055555555555556
3 0.40063541666666663 0.1457222222222222 0.008218749999999986 0.03100925925925928
3 0.3298333333333333 0.3421944444444444 0.021531249999999957 0.10049074074074073
3 0.36059375 0.25682407407407404 0.015427083333333248 0.06637962962962965
3 0.41747916666666657 0.09923148148148148 0.007036458333333329 0.020620370370370365
3 0.3559583333333333 0.11241666666666666 0.006338541666666675 0.024157407407407384
2 0.3890416666666667 0.10812037037037037 0.029541666666666667 0.0480185185185185
3 0.40649479166666663 0.24587962962962961 0.01621875000000004 0.06016666666666666
3 0.4404583333333333 0.43011111111111106 0.023567708333333392 0.10362037037037039
1 0.372515625 0.45840740740740743 0.08056250000000001 0.1724907407407408
4 0.49145312499999994 0.6037314814814814 0.10125520833333343 0.2873240740740739
0 0.4320989583333333 0.12730555555555556 0.009031249999999958 0.03624074074074074