1 0.4006718749999999 0.14616666666666667 0.011161458333333351 0.02512962962962963
1 0.45385937499999995 0.17469444444444443 0.019713541666666678 0.02680555555555553
3 0.4454010416666666 0.1949074074074074 0.0081666666666667 0.018546296296296245
1 0.4360156249999999 0.1422314814814815 0.013140624999999951 0.016731481481481462
4 0.5541666666666666 0.7850277777777777 0.14375 0.42685185185185176
1 0.5515625 0.4722222222222222 0.08541666666666661 0.15555555555555556
3 0.40885416666666663 0.39989814814814806 0.021875 0.09279629629629634
2 0.4177083333333333 0.2509259259259259 0.03645833333333335 0.08703703703703707
3 0.53125 0.21929629629629627 0.0090572916666666 0.040611111111111126
3 0.46240104166666657 0.2102685185185185 0.00873437500000005 0.03673148148148147
1 0.4235833333333333 0.17372222222222222 0.016098958333333434 0.024518518518518523
1 0.43115104166666657 0.14941666666666667 0.014333333333333264 0.021185185185185182
1 0.37378124999999995 0.14539814814814814 0.012671874999999933 0.023055555555555548
3 0.419140625 0.13819444444444445 0.005739583333333265 0.019583333333333324