2 0.23828125 0.45393518518518516 0.1953125 0.35601851851851857
1 0.37109375 0.5608796296296296 0.1369791666666666 0.37175925925925923
1 0.42838541666666663 0.3363425925925926 0.06822916666666665 0.16342592592592595
1 0.3770833333333333 0.14097222222222222 0.05729166666666665 0.10231481481481478
1 0.4549479166666666 0.19791666666666666 0.047395833333333394 0.11805555555555555
1 0.5369791666666666 0.0787685185185185 0.03541666666666661 0.07175925925925924
3 0.4994791666666666 0.11736111111111111 0.013541666666666608 0.05694444444444444
3 0.445890625 0.8518333333333332 0.0670364583333333 0.29632407407407396
1 0.46484375 0.10644444444444444 0.03970312499999995 0.08062037037037036
5 0.46508854166666663 0.027203703703703702 0.02964583333333337 0.054120370370370374
3 0.5068385416666666 0.08430555555555554 0.012479166666666685 0.05112962962962962
1 0.41308854166666664 0.049314814814814804 0.037812499999999936 0.07047222222222221
3 0.5087916666666666 0.9166666666666666 0.05490104166666665 0.16362962962962954