3 0.6000989583333334 0.17903703703703705 0.011375000000000135 0.04606481481481482
3 0.5994270833333333 0.22351851851851853 0.0125729166666666 0.054898148148148196
2 0.4541666666666666 0.27129629629629626 0.05625 0.13333333333333333
2 0.3130208333333333 0.6041666666666666 0.1947916666666666 0.3546296296296295
3 0.19765625 0.7152777777777778 0.06927083333333331 0.14907407407407405
3 0.3705729166666666 0.9037037037037037 0.08593749999999996 0.1925925925925927
0 0.5053697916666666 0.10297222222222223 0.03136979166666674 0.0815462962962963
1 0.4438489583333333 0.10125925925925926 0.029203124999999906 0.029944444444444447
1 0.46996874999999994 0.1701388888888889 0.026963541666666656 0.04416666666666666
6 0.3752083333333333 0.19774074074074074 0.08299479166666664 0.07598148148148146
3 0.5938645833333334 0.24802777777777776 0.014015624999999865 0.05765740740740739
3 0.5571302083333334 0.11773148148148148 0.006932291666666579 0.024620370370370362
6 0.537109375 0.1025925925925926 0.018234375000000115 0.03819444444444445
5 0.5688489583333334 0.09185185185185184 0.018583333333333306 0.04187962962962962
2 0.5424322916666666 0.08493518518518518 0.01730208333333323 0.032768518518518516
3 0.52734375 0.06060185185185185 0.004416666666666735 0.02077777777777777
3 0.4575833333333333 0.3573703703703703 0.015598958333333357 0.08311111111111112
0 0.5130208333333333 0.3300925925925926 0.0989583333333334 0.3101851851851852