2 0.23046875 0.6601851851851851 0.2453125 0.4166666666666666
1 0.5153645833333333 0.23379629629629628 0.05572916666666661 0.09351851851851849
3 0.4434895833333333 0.16203703703703703 0.016145833333333394 0.05740740740740738
3 0.5203125 0.14722222222222223 0.013541666666666608 0.048148148148148134
3 0.5528645833333333 0.13194444444444445 0.0109375 0.04351851851851853
3 0.4907552083333333 0.15887037037037036 0.013130208333333292 0.05922222222222218
3 0.4899895833333333 0.05913888888888889 0.00888020833333325 0.03125
1 0.5249010416666666 0.0661388888888889 0.023072916666666644 0.03871296296296296
1 0.5512708333333334 0.026083333333333333 0.031140624999999922 0.031601851851851846
1 0.6002708333333333 0.05485185185185185 0.049338541666666735 0.04014814814814815
3 0.525625 0.017620370370370373 0.007343749999999894 0.029388888888888885
6 0.5014635416666666 0.028731481481481483 0.021119791666666644 0.05191666666666666
6 0.3518072916666667 0.1293425925925926 0.08434895833333336 0.0792685185185185