6 0.584375 0.5606481481481481 0.121875 0.20648148148148143
1 0.39140625 0.71875 0.1119791666666666 0.3356481481481482
2 0.36822916666666666 0.3067129629629629 0.055208333333333304 0.10972222222222222
1 0.42057291666666663 0.41921296296296295 0.06510416666666666 0.15694444444444444
1 0.4997395833333333 0.24560185185185182 0.024479166666666607 0.039351851851851825
1 0.43896354166666657 0.2962222222222222 0.038697916666666644 0.07221296296296296
1 0.4353020833333333 0.3443981481481481 0.041536458333333394 0.08198148148148145
1 0.39672916666666663 0.26519444444444445 0.030854166666666627 0.053009259259259284
1 0.44677604166666657 0.2265648148148148 0.02685416666666658 0.05382407407407407
1 0.4438489583333333 0.26237037037037036 0.029984374999999907 0.04657407407407403
1 0.41015625 0.23437962962962963 0.02355729166666669 0.03726851851851849
1 0.4785885416666666 0.17575925925925923 0.012734374999999964 0.022009259259259235
1 0.453125 0.18706481481481482 0.01583854166666665 0.023148148148148154