6 0.4691770833333333 0.1473611111111111 0.013411458333333393 0.024138888888888883
3 0.473453125 0.15824074074074074 0.005864583333333328 0.02025925925925927
3 0.439171875 0.17566666666666667 0.00770833333333325 0.018777777777777813
3 0.5541666666666666 0.3540555555555555 0.021875 0.08078703703703706
3 0.6291666666666667 0.3560185185185185 0.025 0.08055555555555556
2 0.4567708333333333 0.2675925925925926 0.034375 0.09259259259259262
2 0.42734375 0.5638888888888889 0.10572916666666661 0.32222222222222224
1 0.47182812499999993 0.20641666666666666 0.022609375000000043 0.04267592592592596
1 0.486328125 0.1867407407407407 0.018583333333333306 0.03553703703703703
1 0.49755729166666657 0.17339814814814813 0.017578125 0.030083333333333347
3 0.43847916666666664 0.22569444444444445 0.00955729166666668 0.034861111111111065
3 0.49340624999999994 0.2593518518518519 0.01306770833333335 0.049416666666666643
3 0.43905208333333334 0.18989814814814815 0.007197916666666693 0.02690740740740741
3 0.4575208333333333 0.1722037037037037 0.007036458333333329 0.024064814814814817
3 0.40893749999999995 0.19575 0.007723958333333236 0.03149074074074076
3 0.4529583333333333 0.19429629629629627 0.006958333333333222 0.02396296296296296
3 0.47320312499999995 0.17485185185185184 0.007354166666666551 0.019851851851851836
3 0.4645989583333333 0.17773148148148146 0.006510416666666607 0.016537037037037038
2 0.4181666666666667 0.13910185185185184 0.011489583333333364 0.024518518518518523