1 0.4606927083333333 0.29969444444444443 0.03173958333333342 0.05729629629629629
3 0.16666666666666666 0.6444444444444445 0.055208333333333304 0.1703703703703704
1 0.2703125 0.6599537037037037 0.1395833333333333 0.2569444444444444
2 0.3567708333333333 0.4305555555555556 0.060416666666666695 0.10925925925925921
1 0.45167708333333334 0.3451388888888889 0.034375 0.07546296296296298
1 0.4169270833333333 0.27847222222222223 0.0296875 0.04953703703703706
1 0.4466145833333333 0.4337962962962963 0.05572916666666661 0.10648148148148143
1 0.4177083333333333 0.6493055555555556 0.11458333333333334 0.31157407407407395
1 0.43556249999999996 0.2454444444444444 0.02177604166666658 0.042259259259259274
6 0.4669270833333333 0.25879629629629625 0.024479166666666607 0.05092592592592595
1 0.47102083333333333 0.2197777777777778 0.019869791666666713 0.03334259259259258
1 0.5000937499999999 0.20612037037037037 0.013119791666666636 0.023111111111111093