2 0.39297916666666666 0.06996296296296296 0.022328124999999942 0.034731481481481474
2 0.68984375 0.5111111111111111 0.1713541666666666 0.37222222222222223
1 0.45859375 0.5949074074074073 0.09739583333333339 0.26203703703703696
6 0.3505208333333333 0.47407407407407404 0.1072916666666666 0.2388888888888889
2 0.5252604166666666 0.19027777777777777 0.05364583333333339 0.11388888888888889
2 0.4380208333333333 0.2222222222222222 0.04583333333333339 0.12777777777777777
6 0.4666666666666666 0.0962962962962963 0.023958333333333394 0.05
5 0.4341145833333333 0.12638888888888888 0.027604166666666607 0.06759259259259258
1 0.40527604166666664 0.09526851851851852 0.01960937500000006 0.030194444444444416
1 0.41943229166666657 0.06575925925925925 0.016786458333333344 0.029268518518518506
6 0.46508854166666663 0.06282407407407406 0.02116145833333345 0.03477777777777779