2 0.21510416666666665 0.5907407407407407 0.1895833333333333 0.3944444444444444
1 0.3403645833333333 0.772685185185185 0.1453125 0.4027777777777778
1 0.3458333333333333 0.35462962962962963 0.055208333333333304 0.08703703703703702
1 0.37135416666666665 0.28009259259259256 0.0416666666666667 0.08240740740740739
1 0.3921875 0.24259259259259258 0.02604166666666665 0.044444444444444446
1 0.4231770833333333 0.28379629629629627 0.03802083333333339 0.06574074074074071
6 0.4130208333333333 0.3597222222222222 0.05104166666666665 0.12870370370370365
6 0.5783854166666667 0.6074074074074073 0.1380208333333334 0.27222222222222214
4 0.50234375 0.3435185185185185 0.0515625 0.09629629629629631
3 0.50732421875 0.2424045138888889 0.0083770751953125 0.029839409722222224
1 0.478842138096813 0.2523871527777778 0.0305023193359375 0.048583984375
1 0.4362748316893416 0.22930252247277363 0.026144634081808428 0.03930708487610283
1 0.397705078125 0.2068142361111111 0.0247955322265625 0.033610026041666664
1 0.5048828125 0.2126736111111111 0.0235137939453125 0.029052734375
1 0.4921875 0.19986979166666666 0.01512908935546875 0.024427625868055556
1 0.46435546875 0.1838107638888889 0.0169219970703125 0.024427625868055556
1 0.470947265625 0.2172309027777778 0.02215576171875 0.033610026041666664
1 0.416748046875 0.18348524305555555 0.0182647705078125 0.027628580729166668
1 0.43359732746181623 0.20332109684932223 0.018210443092467977 0.02786750539701567