1 0.38285416666666666 0.06125 0.01466666666666674 0.027888888888888887
3 0.6158854166666666 0.34305555555555556 0.02864583333333339 0.10277777777777777
1 0.47421875 0.2754629629629629 0.04947916666666661 0.10092592592592588
2 0.4028645833333333 0.39259259259259255 0.07447916666666665 0.22592592592592586
1 0.3703125 0.2148148148148148 0.034375 0.07222222222222222
1 0.4265625 0.20879629629629626 0.03541666666666661 0.06944444444444445
3 0.45629687499999994 0.19749074074074074 0.012098958333333344 0.057851851851851877
6 0.44165104166666663 0.13368518518518518 0.02297916666666655 0.05881481481481481
3 0.47778124999999994 0.20833333333333334 0.014390625000000056 0.046768518518518536
2 0.37378124999999995 0.08479629629629629 0.02937500000000002 0.040611111111111084
2 0.42138541666666657 0.09033333333333332 0.024338541666666734 0.043833333333333335
2 0.404078125 0.09852777777777777 0.029312499999999984 0.05112962962962962
1 0.3537604166666667 0.0658611111111111 0.011552083333333397 0.018935185185185173
3 0.416015625 0.048018518518518516 0.011916666666666664 0.02369444444444445
3 0.443203125 0.08916666666666664 0.006979166666666714 0.025861111111111116