6 0.28072916666666664 0.39259259259259255 0.125 0.22962962962962957
6 0.4072916666666666 0.4143518518518518 0.084375 0.24722222222222223
6 0.35651041666666666 0.24861111111111112 0.056770833333333305 0.11203703703703699
5 0.4270833333333333 0.2037037037037037 0.034375 0.06111111111111111
1 0.4221354166666666 0.2634259259259259 0.0453125 0.07129629629629627
6 0.5854166666666666 0.30972222222222223 0.07395833333333339 0.10833333333333334
3 0.50390625 0.26805555555555555 0.015104166666666608 0.06018518518518516
3 0.5354166666666667 0.35509259259259257 0.027083333333333393 0.08425925925925928
3 0.56796875 0.2384259259259259 0.0171875 0.039814814814814845
2 0.51015625 0.2060185185185185 0.04427083333333339 0.07685185185185182
1 0.4802239583333333 0.13530555555555554 0.018187499999999978 0.024518518518518523
1 0.43115104166666657 0.16416666666666666 0.029036458333333393 0.05240740740740741
1 0.380125 0.19846296296296295 0.03634895833333331 0.06711111111111111
1 0.3872083333333333 0.16243518518518518 0.029755208333333404 0.05319444444444442
1 0.47168229166666664 0.11750925925925924 0.016526041666666734 0.023407407407407436
1 0.3532708333333333 0.8582314814814812 0.16857812499999997 0.2835277777777776
3 0.662109375 0.39149074074074075 0.026307291666666722 0.060379629629629665
1 0.4477552083333333 0.11664814814814814 0.00916145833333335 0.01975925925925925
1 0.46313541666666663 0.088 0.013375000000000092 0.023055555555555548