1 0.43871874999999994 0.09783333333333333 0.012625000000000063 0.019675925925925923
1 0.42567708333333326 0.08666666666666666 0.011401041666666778 0.014296296296296291
2 0.41589062499999996 0.0990925925925926 0.011703125000000014 0.022157407407407417
1 0.6463541666666666 0.5039351851851852 0.10625 0.1875
3 0.54453125 0.631712962962963 0.03802083333333339 0.18009259259259253
3 0.4643229166666666 0.5173611111111112 0.027604166666666607 0.12916666666666668
2 0.4799479166666666 0.30092592592592593 0.0484375 0.14074074074074072
2 0.5583333333333333 0.280787037037037 0.05 0.08935185185185182
1 0.49765625 0.18773148148148147 0.02864583333333339 0.05694444444444444
2 0.4463541666666666 0.16157407407407406 0.025 0.054629629629629646
3 0.5499479166666668 0.21934259259259256 0.018411458333333287 0.04691666666666663
2 0.4000052083333333 0.11405555555555556 0.021864583333333344 0.02970370370370369
2 0.4360364583333333 0.12478703703703703 0.03004687500000003 0.038953703703703685