1 0.33697916666666666 0.4638888888888889 0.109375 0.17222222222222222
1 0.4729166666666666 0.26805555555555555 0.038541666666666606 0.075
1 0.4276041666666666 0.24953703703703703 0.03645833333333339 0.05648148148148151
6 0.45703125 0.4097222222222222 0.0755208333333334 0.1731481481481481
3 0.6220416666666666 0.34425 0.021156249999999942 0.06097222222222223
2 0.56146875 0.27268518518518514 0.036979166666666605 0.07685185185185182
1 0.58965625 0.4920648148148148 0.08556770833333331 0.15608333333333332
1 0.6837812499999999 0.5251296296296296 0.09672395833333329 0.1719537037037038
1 0.46362499999999995 0.17317592592592593 0.02571354166666655 0.04069444444444444
1 0.5014635416666666 0.17855555555555555 0.02006770833333338 0.04961111111111107
1 0.36840625 0.9045185185185184 0.15636979166666665 0.19064814814814812
1 0.18994270833333332 0.7851574074074074 0.17614583333333328 0.3259537037037037
3 0.14172395833333334 0.5833333333333334 0.049776041666666646 0.11968518518518513