3 0.8760416666666666 0.8851851851851851 0.09791666666666679 0.22962962962962952
3 0.7138020833333333 0.6337962962962963 0.05052083333333339 0.16759259259259254
3 0.640625 0.6129629629629629 0.04583333333333339 0.14814814814814808
3 0.4341145833333333 0.3967592592592592 0.024479166666666607 0.08240740740740742
1 0.5575520833333333 0.6356481481481481 0.1276041666666666 0.3175925925925926
2 0.35104166666666664 0.45648148148148143 0.11041666666666669 0.24444444444444444
2 0.4380208333333333 0.26666666666666666 0.04375 0.11296296296296293
6 0.4994791666666666 0.2949074074074074 0.044791666666666605 0.11944444444444445
6 0.5671875 0.2759259259259259 0.05 0.10740740740740738
6 0.528125 0.17129629629629628 0.029166666666666608 0.05555555555555554
6 0.4973958333333333 0.20833333333333334 0.034375 0.06111111111111111
2 0.47558854166666664 0.17687037037037037 0.031083333333333307 0.0579444444444444
1 0.427734375 0.15288888888888888 0.017302083333333405 0.03466666666666668
1 0.44286979166666657 0.1366111111111111 0.016526041666666734 0.030194444444444458