1 0.5224635416666666 0.08555555555555555 0.022031250000000037 0.042750000000000024
3 0.30546875 0.5921296296296296 0.047395833333333304 0.14166666666666666
2 0.38229166666666664 0.5796296296296295 0.1447916666666667 0.3444444444444444
2 0.4375 0.25740740740740736 0.0729166666666666 0.13518518518518516
1 0.5559895833333333 0.32870370370370366 0.05885416666666661 0.1185185185185185
6 0.6065104166666666 0.5449074074074074 0.1046875 0.28240740740740744
1 0.7611979166666666 0.8935185185185184 0.2078125 0.21296296296296285
3 0.4315104166666666 0.8319444444444445 0.05885416666666661 0.1824074074074073
3 0.3098958333333333 0.9162037037037036 0.0822916666666667 0.1675925925925927
3 0.4515625 0.336574074074074 0.028125 0.08240740740740742
1 0.5178906249999999 0.19162962962962962 0.044479166666666715 0.07520370370370368
1 0.47729687499999995 0.1104074074074074 0.028593750000000105 0.05452777777777779
5 0.5308802083333333 0.12054629629629628 0.029250000000000043 0.06439814814814816
6 0.5375989583333334 0.05555555555555555 0.021286458333333334 0.04432407407407407
5 0.5512708333333334 0.1059537037037037 0.016020833333333505 0.03985185185185185
5 0.48730729166666664 0.018296296296296293 0.018937500000000006 0.03323148148148147
6 0.357421875 0.1418148148148148 0.08740104166666662 0.08398148148148145
3 0.562328125 0.05928703703703704 0.006458333333333321 0.03344444444444444
1 0.427734375 0.04242592592592593 0.029203124999999906 0.03160185185185185