5 0.3588541666666666 0.4296296296296296 0.14062499999999994 0.4166666666666667
1 0.4252604166666666 0.23425925925925925 0.04322916666666661 0.08518518518518516
5 0.3973958333333333 0.13657407407407407 0.046875 0.12870370370370368
5 0.4565104166666666 0.07222222222222222 0.030729166666666606 0.07407407407407406
1 0.7026041666666666 0.43981481481481477 0.1291666666666666 0.1981481481481481
5 0.5419270833333333 0.22453703703703703 0.0963541666666666 0.22685185185185183
1 0.87578125 0.8287037037037036 0.2484375 0.3425925925925926
1 0.60078125 0.5759259259259258 0.12447916666666661 0.25185185185185177
1 0.6505208333333333 0.8949074074074073 0.171875 0.21018518518518509
2 0.6145833333333333 0.24259259259259258 0.0645833333333334 0.13703703703703704
1 0.48144791666666664 0.1774074074074074 0.03308333333333326 0.06982407407407411
1 0.42602604166666663 0.10682407407407407 0.016984375000000006 0.04685185185185186
1 0.42871354166666664 0.07752777777777778 0.018020833333333285 0.03662037037037036
5 0.505859375 0.08262962962962962 0.042817708333333294 0.10801851851851853
1 0.5947291666666666 0.14105555555555555 0.02488541666666677 0.04774074074074074
1 0.5410468749999999 0.061074074074074065 0.01725520833333345 0.025435185185185186
1 0.2534427083333333 0.2033425925925926 0.08811979166666672 0.08371296296296293