1 0.3065104166666667 0.4046296296296296 0.0744791666666667 0.12407407407407409
1 0.4 0.5157407407407407 0.08854166666666666 0.22962962962962968
1 0.4145833333333333 0.375 0.05104166666666665 0.09259259259259255
6 0.36640625 0.29444444444444445 0.0557291666666667 0.10925925925925921
2 0.7544270833333332 0.7782407407407407 0.2296874999999999 0.3861111111111111
3 0.4934895833333333 0.26666666666666666 0.008854166666666607 0.03518518518518516
3 0.47916666666666663 0.2296296296296296 0.008333333333333392 0.03333333333333333
2 0.40703125 0.21018518518518517 0.0234375 0.05
1 0.39010416666666664 0.24305555555555555 0.026041666666666696 0.05092592592592595
1 0.43115104166666657 0.26866666666666666 0.03732291666666665 0.05870370370370368
1 0.42676041666666664 0.31857407407407407 0.04183854166666663 0.07128703703703702
1 0.43652604166666664 0.2443611111111111 0.030562500000000093 0.0486666666666667
1 0.34375 0.831212962962963 0.173828125 0.33756481481481476
1 0.44091666666666657 0.21690740740740738 0.026307291666666722 0.03792592592592593