3 0.3458333333333333 0.7467592592592592 0.058333333333333307 0.20462962962962952
3 0.4252604166666666 0.39120370370370366 0.021354166666666608 0.09537037037037031
2 0.4091145833333333 0.30601851851851847 0.0515625 0.125
2 0.45572916666666663 0.2148148148148148 0.034375 0.06481481481481484
6 0.4919427083333333 0.17404629629629628 0.024885416666666594 0.045194444444444454
1 0.43701041666666657 0.14757407407407408 0.014005208333333385 0.02360185185185186
5 0.46435416666666657 0.13585185185185186 0.016020833333333328 0.02905555555555554
1 0.4418958333333333 0.1268425925925926 0.011552083333333307 0.019166666666666644
3 0.4216302083333333 0.15646296296296294 0.0072083333333333496 0.022527777777777775
3 0.3911145833333333 0.18283333333333332 0.008812500000000067 0.030657407407407414
1 0.4178593749999999 0.13533333333333333 0.013791666666666735 0.02193518518518517