3 0.39024479166666665 0.06387037037037037 0.006640625 0.02753703703703704
0 0.4204114583333333 0.06737962962962961 0.04025520833333331 0.07508333333333332
3 0.42238020833333334 0.10378703703703702 0.00681770833333335 0.030537037037037043
2 0.31588541666666664 0.5976851851851852 0.1630208333333333 0.4768518518518519
6 0.4979166666666666 0.3453703703703704 0.06666666666666661 0.18518518518518515
3 0.4502604166666666 0.2787037037037037 0.0171875 0.09259259259259262
6 0.60821875 0.3434537037037037 0.09606250000000002 0.2328518518518519
5 0.39770312499999994 0.2337222222222222 0.05117708333333328 0.15646296296296291
2 0.3999010416666666 0.0990648148148148 0.03021354166666663 0.05444444444444443
1 0.439046875 0.12119444444444444 0.026968749999999986 0.05974999999999998
3 0.3515625 0.11078703703703703 0.00919270833333341 0.035129629629629615
3 0.37207291666666664 0.1104074074074074 0.010567708333333314 0.03393518518518519
2 0.3459479166666667 0.05341666666666666 0.02758854166666671 0.036296296296296285
3 0.3715833333333333 0.08523148148148148 0.008916666666666639 0.029268518518518506
1 0.3967291666666667 0.1645 0.037260416666666615 0.04014814814814817
3 0.3440729166666666 0.26937962962962964 0.016156249999999962 0.07357407407407411