3 0.45547916666666666 0.15535185185185185 0.007421875 0.018851851851851877
1 0.609375 0.7796296296296296 0.140625 0.37222222222222223
1 0.46354166666666663 0.5592592592592592 0.0833333333333334 0.21481481481481476
3 0.4591145833333333 0.3768518518518518 0.0234375 0.08703703703703702
3 0.453125 0.29814814814814816 0.01875 0.06481481481481484
2 0.4231770833333333 0.2546296296296296 0.03802083333333339 0.09259259259259255
2 0.4497395833333333 0.18796296296296294 0.02864583333333339 0.05370370370370371
6 0.4833333333333333 0.14953703703703702 0.02083333333333339 0.0398148148148148
3 0.4233020833333333 0.1355925925925926 0.006031250000000021 0.02246296296296294
1 0.43678124999999995 0.13592592592592595 0.014140625000000106 0.0191111111111111
1 0.44360416666666663 0.11989814814814816 0.009416666666666629 0.020777777777777787
3 0.3940416666666666 0.17838888888888887 0.008416666666666739 0.027740740740740715