2 0.4268229166666666 0.3541666666666667 0.05677083333333335 0.15833333333333333
3 0.36354166666666665 0.4027777777777778 0.023958333333333304 0.0981481481481481
1 0.49765625 0.40555555555555556 0.0578125 0.12222222222222222
1 0.5791666666666666 0.25972222222222224 0.04375 0.07685185185185182
1 0.4963541666666666 0.2657407407407407 0.039583333333333394 0.08703703703703707
3 0.5393229166666667 0.2444166666666667 0.015104166666666608 0.058342592592592585
2 0.45390625 0.16853703703703704 0.0265625 0.04722222222222222
3 0.42016666666666663 0.18062962962962964 0.007578125000000035 0.030648148148148164
5 0.48828125 0.18287037037037035 0.041145833333333395 0.08240740740740739
3 0.43652604166666664 0.16774999999999995 0.0067968750000000355 0.025203703703703655
2 0.42504687499999994 0.1467037037037037 0.020645833333333384 0.0361574074074074
1 0.44921875 0.12788888888888889 0.012869791666666686 0.026583333333333313