2 0.3419270833333333 0.7537037037037037 0.1796875 0.49259259259259264
3 0.39140625 0.3888888888888889 0.025520833333333347 0.09629629629629631
3 0.4723958333333333 0.475 0.03541666666666661 0.12777777777777777
6 0.4700520833333333 0.29537037037037034 0.03802083333333339 0.08888888888888889
3 0.4247395833333333 0.2907407407407407 0.01822916666666661 0.06666666666666667
1 0.5346354166666666 0.21944444444444444 0.030729166666666606 0.06111111111111111
1 0.4924479166666666 0.2287037037037037 0.02864583333333339 0.06111111111111111
3 0.4265625 0.23472222222222222 0.010416666666666607 0.04351851851851849
3 0.4552083333333333 0.24027777777777778 0.010416666666666607 0.041666666666666664
3 0.4619791666666666 0.21018518518518517 0.009375 0.03888888888888889
2 0.4079583333333333 0.14941666666666667 0.024046875000000023 0.03303703703703703
1 0.4470208333333333 0.13468518518518519 0.011197916666666608 0.016537037037037038
3 0.45190624999999995 0.1596111111111111 0.005619791666666707 0.018870370370370378
3 0.49316666666666664 0.18218518518518517 0.007151041666666735 0.02937962962962965
3 0.47802604166666657 0.1774074074074074 0.005708333333333293 0.022527777777777758
3 0.5099375 0.19752777777777777 0.01079687499999995 0.03363888888888885
3 0.5131822916666666 0.18966666666666668 0.007755208333333386 0.03174074074074077
1 0.42994270833333326 0.12476851851851851 0.009755208333333343 0.018444444444444447