2 0.39713541666666663 0.3888888888888889 0.09843749999999996 0.19444444444444445
3 0.31588541666666664 0.4907407407407407 0.0390625 0.09629629629629635
3 0.5098958333333333 0.47407407407407404 0.0375 0.1018518518518519
1 0.6776041666666666 0.6944444444444444 0.11041666666666661 0.26851851851851843
2 0.4796875 0.20277777777777778 0.0375 0.09259259259259256
0 0.5302083333333333 0.21064814814814814 0.059375 0.18240740740740738
0 0.5029322916666666 0.08447222222222223 0.02595312500000002 0.06673148148148147
1 0.5366197916666666 0.09114814814814814 0.016218749999999994 0.03499074074074073
3 0.5663697916666667 0.17121296296296296 0.011723958333333506 0.043453703703703696
3 0.5872499999999999 0.16730555555555554 0.010125000000000028 0.04554629629629628
3 0.5571302083333334 0.09266666666666666 0.007604166666666678 0.021851851851851845
5 0.5625 0.0759722222222222 0.017244791666666794 0.032564814814814796
3 0.5942395833333334 0.1356296296296296 0.008713541666666736 0.03531481481481479
2 0.5424791666666666 0.0748148148148148 0.015776041666666706 0.03198148148148148
3 0.48026562500000003 0.2506018518518518 0.014505208333333287 0.06220370370370373
1 0.4821770833333333 0.1405185185185185 0.02314583333333342 0.034916666666666644
3 0.6344791666666667 0.2221111111111111 0.012380208333333264 0.046138888888888924
6 0.37597916666666664 0.1991111111111111 0.07946874999999998 0.07769444444444444