3 0.56534375 0.25152777777777774 0.012552083333333287 0.04915740740740746
3 0.38385416666666666 0.41388888888888886 0.027083333333333303 0.08888888888888889
2 0.4385416666666666 0.23472222222222222 0.033333333333333395 0.075
2 0.6635416666666666 0.6402777777777777 0.165625 0.42685185185185176
3 0.5463541666666666 0.7958333333333333 0.054166666666666606 0.23425925925925928
3 0.8002604166666666 0.7740740740740739 0.0786458333333333 0.2425925925925926
1 0.2986979166666667 0.8462962962962962 0.1807291666666667 0.3074074074074073
3 0.5618385416666667 0.26485185185185184 0.014093749999999971 0.058351851851851835
3 0.5845624999999999 0.2991111111111111 0.01725520833333345 0.06693518518518518
3 0.5024427083333334 0.2030185185185185 0.008677083333333436 0.027740740740740694
3 0.478515625 0.18543518518518518 0.008744791666666706 0.02637962962962964
3 0.51171875 0.1808796296296296 0.007093749999999943 0.022444444444444458
5 0.4704583333333333 0.15516666666666667 0.016921875000000065 0.02804629629629633
2 0.43042187499999995 0.17501851851851852 0.02169791666666665 0.04172222222222221
1 0.43481249999999994 0.14317592592592593 0.011838541666666735 0.019444444444444445
1 0.41040104166666663 0.16048148148148147 0.021161458333333404 0.020694444444444453
3 0.45551041666666664 0.14487962962962964 0.0075416666666667355 0.022351851851851852