2 0.44598437499999993 0.09758333333333333 0.016286458333333264 0.03196296296296298
2 0.43488541666666664 0.13262962962962963 0.02994270833333328 0.050592592592592564
1 0.5774010416666666 0.2711944444444444 0.04584895833333338 0.07922222222222217
3 0.61640625 0.6962962962962962 0.052604166666666605 0.18333333333333326
2 0.64609375 0.4046296296296296 0.1151041666666666 0.23148148148148143
3 0.4255208333333333 0.23935185185185182 0.019791666666666607 0.062037037037037064
3 0.4747395833333333 0.32222222222222224 0.022395833333333393 0.07962962962962965
2 0.41666666666666663 0.1550925925925926 0.02604166666666661 0.06203703703703704
1 0.461703125 0.16149999999999995 0.030421875000000043 0.04723148148148145
3 0.40469791666666666 0.12053703703703703 0.0076718749999999504 0.014953703703703683
2 0.4211302083333333 0.09194444444444443 0.0148072916666667 0.026694444444444444
3 0.323125 0.3976574074074074 0.02985937499999993 0.10216666666666671