1 0.35078125 0.5773148148148147 0.1526041666666666 0.28425925925925927
3 0.3520833333333333 0.23379629629629628 0.035416666666666693 0.10092592592592588
2 0.4552083333333333 0.07870370370370369 0.06875 0.15555555555555556
3 0.60625 0.12407407407407407 0.025 0.08888888888888889
1 0.5942708333333333 0.038425925925925926 0.05208333333333339 0.075
3 0.50703125 0.18657407407407406 0.022395833333333393 0.09351851851851849
3 0.5341145833333333 0.04629629629629629 0.016145833333333394 0.08148148148148147
3 0.5065104166666666 0.05879629629629629 0.01822916666666661 0.0712962962962963
3 0.5541979166666666 0.07551851851851853 0.017244791666666794 0.06005555555555557
3 0.5154895833333333 0.027287037037037033 0.010218749999999943 0.051527777777777777
3 0.49487499999999995 0.02077777777777778 0.012239583333333392 0.04155555555555556