6 0.6390625 0.41157407407407404 0.10104166666666661 0.1953703703703703
3 0.7559895833333333 0.6851851851851851 0.06614583333333339 0.18333333333333326
3 0.5453125 0.5273148148148148 0.04583333333333339 0.15648148148148142
3 0.5841145833333333 0.4777777777777778 0.0328125 0.10370370370370365
3 0.56015625 0.37380555555555556 0.0265625 0.09867592592592599
3 0.32916666666666666 0.49027777777777776 0.0416666666666667 0.13425925925925922
1 0.4046875 0.12546296296296294 0.017708333333333347 0.026851851851851866
3 0.465625 0.262037037037037 0.013541666666666608 0.05925925925925928
2 0.4979166666666666 0.22685185185185183 0.04791666666666661 0.10370370370370367
3 0.4161458333333333 0.21323148148148144 0.016666666666666607 0.056879629629629606
3 0.39401041666666664 0.199537037037037 0.016145833333333304 0.041666666666666664
3 0.40744791666666663 0.16183333333333333 0.009156250000000022 0.036685185185185175
6 0.3552239583333333 0.10861111111111109 0.02908333333333326 0.02973148148148148
3 0.3845208333333333 0.10525 0.006692708333333286 0.021351851851851854
3 0.39355729166666664 0.10780555555555556 0.006265624999999986 0.02013888888888889
1 0.44140625 0.10259259259259258 0.012572916666666777 0.018712962962962956
3 0.7540208333333334 0.9474907407407407 0.08990624999999994 0.10500925925925912