3 0.45211458333333326 0.32693518518518516 0.012776041666666594 0.05566666666666664
3 0.4363802083333333 0.30153703703703705 0.016390625000000013 0.0366018518518518
2 0.4354166666666666 0.40555555555555556 0.065625 0.18148148148148144
1 0.471875 0.26805555555555555 0.03125 0.05648148148148151
1 0.4815104166666666 0.1986111111111111 0.022395833333333393 0.03425925925925929
1 0.4065104166666666 0.2060185185185185 0.0234375 0.03611111111111111
1 0.44653124999999994 0.1831574074074074 0.018296875000000056 0.032601851851851826
1 0.40063541666666663 0.13682407407407407 0.01262500000000002 0.018712962962962956
1 0.370359375 0.15700925925925924 0.013125000000000053 0.02297222222222221
3 0.599609375 0.35850925925925925 0.01730208333333323 0.06900925925925921
1 0.3989270833333333 0.18478703703703703 0.01621875000000004 0.03136111111111111
2 0.3735364583333333 0.13150925925925927 0.011067708333333304 0.018787037037037043
3 0.44751041666666663 0.16416666666666668 0.00763541666666665 0.018435185185185197
3 0.44214062499999995 0.2058333333333333 0.007932291666666735 0.031601851851851846
3 0.42415624999999996 0.13682407407407407 0.004531249999999964 0.0164351851851852