6 0.5054270833333333 0.029555555555555557 0.02084375000000005 0.03881481481481481
2 0.7294270833333333 0.610648148148148 0.1869791666666666 0.3231481481481482
2 0.5481770833333333 0.13194444444444445 0.0484375 0.10648148148148145
1 0.4919270833333333 0.14259259259259258 0.030729166666666606 0.05925925925925925
6 0.3630208333333333 0.5078703703703703 0.153125 0.24907407407407398
3 0.23385416666666664 0.512037037037037 0.0614583333333333 0.1111111111111111
6 0.14166666666666666 0.8375 0.2822916666666667 0.325
3 0.07265625 0.7847222222222222 0.09322916666666665 0.1953703703703704
3 0.3265625 0.3574074074074074 0.0416666666666667 0.09074074074074076
2 0.42057291666666663 0.09212962962962962 0.031770833333333394 0.06944444444444445
1 0.49453125 0.07175925925925924 0.024479166666666607 0.047222222222222214
2 0.46953125 0.04722222222222222 0.022395833333333393 0.05
3 0.440625 0.1550925925925926 0.014583333333333393 0.04351851851851853
3 0.425 0.1759259259259259 0.016666666666666607 0.05370370370370371
5 0.48203125 0.2962962962962963 0.06927083333333339 0.17962962962962964
3 0.5206302083333333 0.06897222222222221 0.00869270833333342 0.038157407407407404
3 0.5107604166666666 0.04984259259259259 0.009182291666666665 0.03175925925925925
3 0.48706249999999995 0.03113888888888889 0.006588541666666714 0.024157407407407405
1 0.44262499999999994 0.014888888888888887 0.017640624999999945 0.029620370370370363
6 0.309390625 0.13314814814814815 0.08957291666666664 0.08531481481481479
3 0.44483854166666664 0.05136111111111111 0.01076041666666665 0.036898148148148145