1 0.2942708333333333 0.5192129629629629 0.11875 0.23101851851851857
1 0.4140625 0.6247685185185184 0.11145833333333335 0.2902777777777777
2 0.359375 0.30069444444444443 0.084375 0.18472222222222223
6 0.45182291666666663 0.3108796296296296 0.05885416666666661 0.15694444444444444
1 0.4067708333333333 0.21041666666666667 0.038541666666666655 0.08194444444444444
1 0.6140625 0.5046296296296297 0.10833333333333339 0.18703703703703697
1 0.5364583333333333 0.22013888888888888 0.0375 0.05879629629629627
1 0.43383854166666663 0.12912037037037036 0.025666666666666595 0.04885185185185183
1 0.45024999999999993 0.08008333333333333 0.014723958333333264 0.02269444444444444
1 0.4692395833333333 0.05433333333333333 0.019302083333333366 0.02894444444444445
1 0.45996354166666664 0.19672222222222221 0.034364583333333344 0.06109259259259261
1 0.46240104166666657 0.15874999999999997 0.030213541666666722 0.05211111111111109
1 0.4731458333333333 0.11664814814814814 0.025328125000000055 0.04275
1 0.4708489583333333 0.07660185185185185 0.019291666666666707 0.02487037037037036
1 0.5249010416666666 0.0765 0.014619791666666692 0.02369444444444445