1 0.3859375 0.7509259259259259 0.13645833333333335 0.3685185185185184
1 0.32369791666666664 0.461574074074074 0.0932291666666667 0.19166666666666668
1 0.44609375 0.3907407407407407 0.05364583333333339 0.10370370370370365
1 0.45182291666666663 0.3013888888888889 0.0390625 0.07870370370370373
2 0.3911458333333333 0.3111111111111111 0.053125 0.11296296296296297
2 0.4153645833333333 0.2361111111111111 0.03489583333333335 0.05925925925925928
2 0.5682291666666666 0.24907407407407406 0.03125 0.05555555555555555
1 0.46582291666666664 0.22178703703703703 0.025864583333333434 0.046490740740740694
1 0.4587395833333333 0.2456574074074074 0.03332291666666674 0.05150925925925923
1 0.4685052083333333 0.17252777777777778 0.016921875000000065 0.029842592592592608
2 0.43505729166666657 0.18837037037037035 0.017989583333333316 0.037981481481481456
2 0.4489739583333333 0.1701388888888889 0.014953125000000077 0.03328703703703702
1 0.505859375 0.14203703703703704 0.009859375000000092 0.01237037037037037