1 0.35026041666666663 0.6898148148148148 0.13593749999999996 0.3611111111111111
2 0.25078125 0.4337962962962963 0.1442708333333333 0.2842592592592592
1 0.4041666666666666 0.33935185185185185 0.06145833333333335 0.11944444444444445
1 0.41953125 0.2412037037037037 0.0359375 0.06944444444444445
2 0.3546875 0.23425925925925925 0.05 0.10925925925925929
2 0.3833333333333333 0.1625 0.033333333333333305 0.06759259259259259
1 0.4317708333333333 0.18055555555555555 0.02604166666666661 0.05
1 0.4802083333333333 0.1523148148148148 0.021875 0.041666666666666664
1 0.4301770833333333 0.14778703703703705 0.025999999999999978 0.03526851851851853
1 0.396484375 0.1385648148148148 0.0269166666666667 0.04424074074074077
3 0.5224635416666666 0.20475 0.011640624999999894 0.03827777777777778
3 0.5849635416666666 0.5915833333333332 0.03228645833333328 0.13411111111111104
1 0.43652083333333336 0.1300925925925926 0.021578125000000094 0.030166666666666665