2 0.640625 0.5694444444444444 0.1520833333333334 0.3629629629629629
6 0.58515625 0.32546296296296295 0.061979166666666606 0.14907407407407408
1 0.5802083333333333 0.25046296296296294 0.05 0.062037037037037064
3 0.5244791666666666 0.3037037037037037 0.02083333333333339 0.06111111111111111
5 0.4817708333333333 0.47870370370370363 0.11770833333333339 0.3111111111111111
3 0.5260416666666666 0.2060185185185185 0.014583333333333393 0.04907407407407405
3 0.4619791666666666 0.2287037037037037 0.0125 0.05
3 0.47109375 0.1949074074074074 0.0109375 0.039814814814814824
2 0.42265625 0.2759259259259259 0.046354166666666655 0.11666666666666667
1 0.49609375 0.21666666666666667 0.0359375 0.06666666666666667
5 0.474828125 0.13249074074074074 0.021171875000000107 0.0368796296296296
3 0.43701041666666657 0.15049999999999997 0.006614583333333357 0.024518518518518523
3 0.44409374999999995 0.14777777777777776 0.0072083333333333496 0.028796296296296316
1 0.43359375 0.21744444444444444 0.031140624999999922 0.06401851851851856
0 0.44286979166666657 0.07812962962962963 0.03359895833333333 0.03439814814814816