1 0.47949479166666664 0.18152777777777776 0.013953124999999922 0.022268518518518535
1 0.4923229166666666 0.1911296296296296 0.01704166666666662 0.02637962962962964
2 0.29609375 0.4592592592592592 0.0942708333333333 0.1518518518518519
1 0.4119791666666666 0.34074074074074073 0.04895833333333335 0.11481481481481476
6 0.51328125 0.3574074074074074 0.0671875 0.13703703703703699
6 0.3909947916666667 0.49272222222222223 0.0796145833333334 0.23676851851851854
1 0.35620312499999995 0.30750925925925926 0.053312499999999916 0.0940740740740741
1 0.42993229166666663 0.25 0.0316770833333333 0.05739814814814813
4 0.48340104166666664 0.2565092592592592 0.03308333333333326 0.053009259259259284
1 0.38769270833333336 0.22351851851851853 0.026807291666666667 0.04275000000000004
1 0.42919791666666657 0.21896296296296291 0.024276041666666616 0.034527777777777796
1 0.40649479166666663 0.19846296296296295 0.020723958333333313 0.03387962962962961
1 0.4344374999999999 0.193037037037037 0.017854166666666595 0.02756481481481477
1 0.46044791666666657 0.18576851851851853 0.016098958333333434 0.026287037037037032
3 0.4899895833333333 0.20757407407407405 0.007348958333333222 0.026898148148148157
1 0.46591145833333325 0.2068148148148148 0.022322916666666616 0.03387962962962968
1 0.4587760416666667 0.17192592592592593 0.013083333333333336 0.021851851851851872
1 0.3791510416666667 0.2638888888888889 0.03582812500000001 0.05433333333333334