1 0.5313229166666666 0.13510185185185183 0.035609375000000124 0.055509259259259265
3 0.5489947916666666 0.1630833333333333 0.015223958333333343 0.05275925925925928
2 0.2890625 0.6430555555555556 0.23333333333333325 0.3824074074074073
1 0.6083333333333333 0.7574074074074073 0.1260416666666666 0.3574074074074073
1 0.60625 0.37175925925925923 0.090625 0.15833333333333333
5 0.5312916666666667 0.22981481481481478 0.04948958333333344 0.11708333333333334
6 0.3872083333333333 0.13433333333333333 0.080078125 0.08306481481481479
1 0.48071354166666663 0.20507407407407405 0.047151041666666595 0.09162962962962959
6 0.5751979166666666 0.08800000000000002 0.032411458333333344 0.061685185185185204
6 0.5454114583333334 0.04774074074074074 0.02052083333333332 0.040388888888888884
5 0.508984375 0.029268518518518513 0.02635416666666668 0.049314814814814804
1 0.5654322916666666 0.025416666666666664 0.01744270833333328 0.03588888888888889
3 0.587953125 0.12012962962962964 0.01463020833333335 0.03901851851851852