3 0.4161458333333333 0.6314814814814814 0.04375 0.17592592592592596
3 0.13333333333333333 0.8962962962962961 0.08645833333333333 0.2074074074074073
3 0.3895833333333333 0.2532407407407407 0.013541666666666697 0.054629629629629604
3 0.37526041666666665 0.23240740740740737 0.013020833333333304 0.05370370370370373
3 0.52734375 0.23055555555555557 0.011979166666666607 0.044444444444444446
6 0.5158854166666667 0.18379629629629626 0.0390625 0.07314814814814816
0 0.4627604166666666 0.274537037037037 0.0838541666666666 0.23981481481481484
2 0.5739583333333333 0.7023148148148147 0.1864583333333334 0.5305555555555556
2 0.423828125 0.13628703703703704 0.033479166666666595 0.054527777777777765
3 0.45093749999999994 0.14817592592592593 0.011614583333333251 0.031194444444444455
3 0.40625 0.11794444444444442 0.006666666666666643 0.02700925925925929
3 0.36426041666666664 0.09439814814814815 0.008286458333333347 0.020074074074074084
1 0.370359375 0.07926851851851852 0.010947916666666658 0.016805555555555567
3 0.387609375 0.166037037037037 0.010999999999999944 0.04352777777777776
1 0.37616666666666665 0.10169444444444445 0.00877083333333326 0.022120370370370384