5 0.56796875 0.20925925925925926 0.0953125 0.25
1 0.4580729166666666 0.2013888888888889 0.0484375 0.11018518518518516
3 0.346875 0.48055555555555557 0.048958333333333305 0.16111111111111112
2 0.3765625 0.1736111111111111 0.044791666666666695 0.1527777777777778
3 0.5106770833333333 0.12361111111111112 0.015104166666666608 0.06759259259259258
1 0.45703125 0.032407407407407406 0.0328125 0.0537037037037037
3 0.4622395833333333 0.06898148148148148 0.0140625 0.04537037037037038
3 0.4236979166666666 0.0537037037037037 0.013020833333333393 0.04074074074074074
3 0.3966145833333333 0.07083333333333333 0.0140625 0.049074074074074055
6 0.74921875 0.7263888888888889 0.3567708333333332 0.5472222222222223
1 0.42090104166666664 0.01590740740740741 0.022416666666666706 0.03075925925925925