1 0.4845729166666667 0.16447222222222221 0.017057291666666606 0.029907407407407424
3 0.66953125 0.587037037037037 0.0453125 0.1592592592592592
3 0.6018229166666667 0.2879629629629629 0.0234375 0.06111111111111111
3 0.4921875 0.2296296296296296 0.0125 0.04259259259259262
2 0.4614583333333333 0.34953703703703703 0.05208333333333339 0.1453703703703704
2 0.40709895833333326 0.14814814814814814 0.011609374999999922 0.02832407407407405
3 0.45134375000000004 0.1408611111111111 0.004005208333333421 0.017657407407407413
2 0.42846874999999995 0.13585185185185186 0.01065104166666675 0.020694444444444453
2 0.4190104166666666 0.1378425925925926 0.009151041666666693 0.021268518518518558
3 0.43823437499999995 0.19987037037037036 0.008005208333333336 0.027111111111111086
3 0.45190624999999995 0.17871296296296293 0.006692708333333286 0.023509259259259254
3 0.4633802083333333 0.1618888888888889 0.007010416666666686 0.019231481481481478
3 0.43819791666666663 0.16925925925925928 0.007093749999999943 0.024944444444444436
3 0.45215104166666664 0.16135185185185183 0.005776041666666565 0.018583333333333327
1 0.4773802083333333 0.17401851851851852 0.018828125000000105 0.032601851851851826
1 0.466 0.18704629629629627 0.020088541666666692 0.03731481481481483
2 0.4572916666666666 0.2273148148148148 0.028125 0.06759259259259262
3 0.5381562499999999 0.26810185185185187 0.017661458333333258 0.043787037037037006