2 0.4606770833333333 0.649537037037037 0.10052083333333339 0.4083333333333333
3 0.3020833333333333 0.8685185185185185 0.0625 0.22777777777777777
3 0.3091145833333333 0.5847222222222223 0.0442708333333333 0.13981481481481475
3 0.4411458333333333 0.4222222222222222 0.022916666666666606 0.09074074074074079
5 0.4690104166666666 0.24490740740740738 0.0359375 0.09907407407407405
1 0.5307291666666666 0.274074074074074 0.03645833333333339 0.06111111111111111
2 0.41113541666666664 0.15537962962962965 0.023104166666666613 0.03387962962962965
2 0.42724479166666657 0.14404629629629628 0.014281249999999978 0.027740740740740736
3 0.443359375 0.1774074074074074 0.006510416666666607 0.021759259259259266
3 0.47192187499999994 0.16275925925925927 0.008005208333333336 0.02244444444444444
3 0.46410937499999994 0.1405185185185185 0.005796875000000057 0.018870370370370378
3 0.447609375 0.1451574074074074 0.004338541666666629 0.020120370370370386
3 0.6045468749999999 0.28762037037037036 0.015427083333333336 0.04897222222222221