3 0.7385416666666667 0.548148148148148 0.05729166666666661 0.16666666666666666
1 0.5846354166666666 0.7958333333333333 0.1682291666666666 0.4083333333333333
3 0.5489583333333333 0.44490740740740736 0.038541666666666606 0.13055555555555556
3 0.61171875 0.30416666666666664 0.024479166666666607 0.10277777777777777
2 0.5583333333333333 0.19629629629629627 0.05625 0.12777777777777777
6 0.44140625 0.2648148148148148 0.0546875 0.12777777777777777
2 0.4419270833333333 0.1550925925925926 0.04010416666666661 0.09907407407407405
1 0.4643229166666666 0.4236111111111111 0.0734375 0.18240740740740735
1 0.2752604166666667 0.6472222222222223 0.1359375 0.3074074074074073
2 0.4763020833333333 0.10833333333333334 0.0390625 0.07037037037037036
5 0.4294427083333333 0.08322222222222221 0.022322916666666616 0.049805555555555554
3 0.45068229166666657 0.0830648148148148 0.0067968750000000355 0.02680555555555553
6 0.44653124999999994 0.0549537037037037 0.01658854166666668 0.032907407407407406
2 0.38075 0.052759259259259256 0.02090104166666675 0.0321111111111111
1 0.41094270833333335 0.03738888888888889 0.012130208333333314 0.02156481481481482
3 0.41494270833333335 0.07316666666666666 0.00670833333333345 0.02981481481481482
3 0.39816666666666667 0.035787037037037034 0.0056770833333333656 0.02201851851851852