2 0.371875 0.4111111111111111 0.090625 0.22962962962962957
2 0.45234375 0.6138888888888889 0.1151041666666666 0.43333333333333335
2 0.5330729166666666 0.2875 0.0546875 0.14907407407407408
2 0.4549479166666666 0.1685185185185185 0.0328125 0.05925925925925925
5 0.4385416666666666 0.12361111111111112 0.030208333333333393 0.075
2 0.4020833333333333 0.14027777777777778 0.019791666666666652 0.050925925925925916
3 0.4953125 0.14953703703703702 0.009375 0.03240740740740742
3 0.5075520833333333 0.13935185185185184 0.0109375 0.034259259259259246
3 0.6046875 0.3259259259259259 0.025 0.0796296296296296
3 0.6888020833333333 0.45879629629629626 0.04427083333333339 0.13425925925925922
1 0.46953125 0.25046296296296294 0.0359375 0.06944444444444445
3 0.45068229166666657 0.38845370370370363 0.018510416666666706 0.03366666666666668
1 0.46508854166666663 0.1104074074074074 0.01704166666666662 0.029268518518518506