1 0.4739583333333333 0.44722222222222224 0.0802083333333334 0.1407407407407408
3 0.6690104166666666 0.6699074074074073 0.0390625 0.15833333333333324
3 0.6575520833333333 0.4554444444444444 0.041145833333333395 0.11319444444444444
6 0.5505208333333333 0.14259259259259258 0.03125 0.05555555555555555
1 0.42890625 0.27824074074074073 0.0515625 0.08055555555555556
0 0.50859375 0.1726851851851852 0.052604166666666605 0.13796296296296298
6 0.37060416666666657 0.1909722222222222 0.07848958333333331 0.07524999999999998
3 0.5519270833333334 0.24230555555555552 0.014322916666666607 0.05739814814814813
5 0.5869166666666666 0.19129629629629627 0.0360104166666666 0.09760185185185188
2 0.5346666666666666 0.11877777777777777 0.020567708333333278 0.04633333333333331
1 0.548828125 0.09456481481481481 0.018510416666666706 0.028731481481481483
3 0.53125 0.08246296296296296 0.005510416666666629 0.02387037037037037
1 0.5161145833333334 0.07949999999999999 0.013427083333333378 0.024157407407407412
3 0.49121354166666664 0.08555555555555555 0.006291666666666629 0.02270370370370372
3 0.5021875 0.08757407407407407 0.0070677083333333 0.023944444444444418
1 0.5248697916666666 0.06179629629629629 0.015708333333333435 0.021027777777777777
2 0.49707291666666664 0.049046296296296296 0.0136354166666667 0.02077777777777777
1 0.541015625 0.06955555555555555 0.01306770833333335 0.025685185185185193
1 0.5322291666666666 0.04519444444444444 0.010057291666666756 0.018712962962962973
2 0.32578125 0.549074074074074 0.1713541666666666 0.30370370370370364