3 0.8276041666666666 0.6009259259259259 0.055208333333333304 0.14629629629629634
3 0.7463541666666667 0.5310185185185184 0.044791666666666605 0.137962962962963
3 0.68203125 0.4583333333333333 0.0390625 0.10370370370370365
3 0.64765625 0.3189814814814815 0.0203125 0.062037037037037064
3 0.6135416666666667 0.40974074074074074 0.025 0.09162962962962966
3 0.5424479166666666 0.5458333333333333 0.0390625 0.10462962962962968
3 0.5471354166666667 0.29398148148148145 0.016145833333333394 0.05648148148148151
5 0.5421875 0.18472222222222223 0.033333333333333395 0.05092592592592593
2 0.4653645833333333 0.23703703703703702 0.03489583333333339 0.08888888888888889
2 0.4234375 0.48333333333333334 0.084375 0.2611111111111111
2 0.4261979166666666 0.1365648148148148 0.020822916666666736 0.02972222222222223
1 0.471484375 0.16770370370370372 0.02049479166666668 0.029666666666666685
3 0.5048854166666666 0.17508333333333334 0.008614583333333314 0.03544444444444448
3 0.49047916666666663 0.14702777777777776 0.0068489583333333215 0.022268518518518517
3 0.49707291666666664 0.15874999999999997 0.007375000000000043 0.02637962962962964
6 0.518015625 0.15937962962962962 0.018520833333333365 0.04133333333333332
3 0.521171875 0.17666666666666664 0.0074895833333334496 0.03245370370370369