2 0.45 0.14768518518518517 0.05625 0.11203703703703702
3 0.5953125 0.6666666666666666 0.04375 0.16111111111111112
3 0.48359375 0.4791666666666667 0.04322916666666661 0.11944444444444445
3 0.4481770833333333 0.3574074074074074 0.0296875 0.10740740740740742
3 0.6330729166666667 0.3310185185185185 0.0265625 0.11388888888888889
3 0.5390625 0.3189814814814815 0.02604166666666661 0.08796296296296294
3 0.57578125 0.2569444444444444 0.0234375 0.08796296296296294
3 0.5453125 0.2175925925925926 0.021875 0.08148148148148149
6 0.34077604166666664 0.07672222222222222 0.0922604166666666 0.08730555555555554
3 0.5167395833333333 0.09524074074074072 0.015625 0.05290740740740741
2 0.4723958333333333 0.019444444444444445 0.02604166666666661 0.03888888888888889
3 0.5044635416666667 0.020499999999999997 0.011906250000000007 0.030425925925925926