1 0.4895833333333333 0.6486111111111111 0.08958333333333339 0.27685185185185174
1 0.6247395833333333 0.3592592592592592 0.0671875 0.12777777777777777
3 0.5791666666666666 0.41342592592592586 0.027083333333333393 0.11388888888888889
1 0.4942708333333333 0.3143518518518518 0.046875 0.10648148148148143
5 0.49140625 0.20879629629629626 0.0421875 0.10092592592592589
2 0.4572916666666666 0.18148148148148147 0.027083333333333393 0.05
3 0.2536458333333333 0.699537037037037 0.0572916666666667 0.1824074074074073
2 0.3734375 0.5333333333333333 0.10520833333333335 0.3
3 0.42797916666666663 0.18804629629629627 0.008317708333333406 0.029842592592592608
2 0.42407291666666663 0.15344444444444444 0.019057291666666566 0.03599999999999998
3 0.41552604166666657 0.1981296296296296 0.008447916666666621 0.030546296296296304
1 0.47265625 0.14105555555555555 0.01519270833333337 0.02680555555555553
1 0.44872916666666657 0.13682407407407407 0.01519270833333337 0.024064814814814837