1 0.39475520833333333 0.044092592592592586 0.019703124999999978 0.02697222222222222
3 0.7856458333333333 0.7536481481481482 0.09328645833333331 0.24086111111111122
3 0.6424479166666666 0.5208333333333334 0.0515625 0.15092592592592588
3 0.4223958333333333 0.4962962962962963 0.033333333333333395 0.13703703703703699
1 0.4609375 0.2611111111111111 0.055208333333333394 0.13333333333333333
5 0.371875 0.22037037037037036 0.075 0.20370370370370372
1 0.42734375 0.14583333333333334 0.0328125 0.0787037037037037
2 0.3856770833333333 0.09166666666666666 0.027604166666666697 0.05925925925925925
1 0.4296875 0.09477777777777777 0.028062500000000056 0.05319444444444446
1 0.41235416666666663 0.07085185185185185 0.020765624999999944 0.045435185185185176
1 0.34863541666666664 0.06412962962962963 0.019088541666666715 0.03399074074074074
1 0.393796875 0.06227777777777778 0.018244791666666683 0.031314814814814795
1 0.42333854166666657 0.04218518518518519 0.018338541666666687 0.028731481481481483
1 0.41137499999999994 0.025481481481481476 0.016020833333333328 0.028620370370370372
2 0.3676770833333333 0.05007407407407406 0.021453125000000028 0.0435925925925926