1 0.8192708333333332 0.7027777777777777 0.22916666666666669 0.3907407407407406
1 0.6393229166666666 0.8333333333333334 0.1807291666666666 0.3333333333333333
1 0.5817708333333333 0.4083333333333333 0.09270833333333339 0.18518518518518512
1 0.6833333333333333 0.33379629629629626 0.11041666666666661 0.16203703703703698
5 0.5494791666666666 0.15 0.08958333333333339 0.21666666666666667
2 0.6166666666666666 0.16712962962962963 0.05104166666666661 0.11574074074074076
5 0.3958333333333333 0.27592592592592596 0.1479166666666666 0.36481481481481476
1 0.42447916666666663 0.06527777777777778 0.03229166666666661 0.07129629629629627
5 0.4721354166666666 0.03981481481481481 0.02864583333333339 0.06481481481481483
1 0.2830729166666667 0.12824074074074074 0.1119791666666667 0.11203703703703702
1 0.4510052083333333 0.08849074074074073 0.031614583333333356 0.042916666666666665