6 0.029617187499999996 0.4891944444444445 0.05923437499999999 0.10358333333333339
6 0.083984375 0.4877638888888889 0.0652890625 0.09854166666666674
6 0.1224609375 0.8125972222222223 0.2282265625 0.3608055555555555
6 0.323484375 0.7434861111111111 0.18335156249999995 0.3185833333333335
6 0.07146875 0.5846388888888889 0.121703125 0.15874999999999995
6 0.194578125 0.5720555555555555 0.12573437499999995 0.15212499999999995
6 0.154171875 0.49566666666666664 0.07964843749999999 0.08247222222222221
6 0.30225 0.49695833333333334 0.08343749999999997 0.11187499999999993
6 0.23840625000000001 0.48915277777777777 0.09271093749999997 0.10313888888888888
6 0.016726562500000004 0.35872222222222216 0.0328984375 0.025
6 0.335203125 0.44575 0.04913281249999999 0.0494305555555556