6 0.4967578125 0.787625 0.22963281250000006 0.3483194444444444
6 0.2183203125 0.8154027777777778 0.16994531249999997 0.36641666666666656
6 0.6626015625 0.7625833333333333 0.17272656249999993 0.3207500000000001
6 0.534671875 0.5694444444444444 0.11694531250000004 0.1395416666666667
6 0.0692734375 0.8103333333333335 0.1381875 0.33484722222222213
6 0.43676562499999994 0.5750833333333334 0.10229687500000004 0.14258333333333328
6 0.323734375 0.5720555555555555 0.125125 0.17838888888888896
6 0.22546093749999999 0.5720555555555555 0.0849609375 0.13911111111111107
6 0.0883203125 0.6614583333333334 0.1710234375 0.16504166666666656
6 0.1405 0.55425 0.1379375 0.14105555555555563
6 0.632328125 0.5121527777777778 0.07641406249999996 0.10313888888888888
6 0.2915078125 0.5182361111111111 0.10266406249999997 0.10900000000000003
6 0.06232031250000001 0.5390694444444445 0.1223125 0.10129166666666675
6 0.3725625 0.4913194444444444 0.09722656250000003 0.0893055555555555