6 0.721828125 0.8204027777777778 0.24297656250000016 0.3564305555555557
6 0.07366406249999999 0.5995416666666666 0.1473203125 0.09854166666666674
6 0.44067187499999994 0.8129305555555555 0.16723437499999996 0.35265277777777787
6 0.900390625 0.8242222222222223 0.19775781250000007 0.34613888888888894
6 0.2685546875 0.8072916666666666 0.226078125 0.3533055555555557
6 0.12250000000000001 0.6814305555555555 0.22033593749999997 0.11241666666666675
6 0.7602578125 0.6115416666666667 0.12249999999999997 0.16504166666666673
6 0.654296875 0.5985277777777778 0.10015625000000003 0.14626388888888897
6 0.534671875 0.578125 0.12317187500000007 0.17838888888888896
6 0.44995312500000006 0.5794305555555556 0.07684374999999992 0.1378055555555556
6 0.0490390625 0.6545138888888888 0.0933203125 0.09998611111111112
6 0.9287109375 0.5034722222222222 0.06451562499999994 0.04459722222222224
6 0.276125 0.6397638888888889 0.23754687500000005 0.1578750000000001
6 0.7998046875 0.53125 0.09912500000000009 0.10220833333333337
6 0.8735390625000001 0.5503472222222222 0.08709375000000001 0.1179444444444444
6 0.71484375 0.5264722222222222 0.07532031250000007 0.08381944444444447
6 0.9501953125 0.5642361111111112 0.09368750000000006 0.1277083333333334
6 0.2971171875 0.5373333333333333 0.13684375 0.09580555555555557
6 0.0836171875 0.5099861111111111 0.12853906250000002 0.10091666666666663
6 0.37646875 0.5620694444444444 0.11938281249999996 0.13726388888888894
6 0.5947265625 0.5078194444444445 0.09234375000000003 0.09049999999999996
6 0.1597890625 0.5247361111111111 0.10071093750000001 0.10720833333333325
6 0.21814062500000003 0.5425416666666667 0.1492890625 0.12988888888888886
6 0.392578125 0.5125833333333334 0.1008906249999999 0.0817083333333334
6 0.47827343750000006 0.4739583333333333 0.06500000000000003 0.0560972222222222
6 0.8413125000000001 0.47179166666666666 0.080078125 0.03580555555555552
6 0.1297578125 0.7973055555555555 0.2490234375 0.3389722222222221
6 0.51709375 0.48047222222222224 0.07434375000000007 0.05162499999999994