6 0.18359375 0.6763888888888889 0.3671875 0.3263888888888889
6 0.54696875 0.5510416666666667 0.06882031249999994 0.08738888888888884
6 0.44409375000000006 0.5746527777777778 0.11920312499999994 0.12934722222222222
6 0.5947265625 0.5416666666666666 0.056640625 0.0742777777777778
1 0.978515625 0.5604166666666667 0.04296875 0.12361111111111112
1 0.75 0.5507777777777778 0.025226562499999973 0.07086111111111108
0 0.859375 0.5262916666666667 0.2008906249999999 0.2986111111111111
3 0.45078125 0.7055555555555556 0.065625 0.19444444444444445
3 0.608203125 0.5708333333333333 0.02734375 0.07222222222222222
6 0.678515625 0.5305555555555556 0.03203125 0.05555555555555555
1 0.36953125 0.6104166666666667 0.059375 0.10972222222222222