6 0.5414765625 0.5294166666666666 0.02418750000000003 0.06655555555555549
6 0.507578125 0.5343611111111112 0.05173437500000002 0.07266666666666674
6 0.43880468749999996 0.5502638888888889 0.08445312499999993 0.08994444444444444
6 0.35982031249999996 0.5722638888888889 0.11306250000000002 0.12234722222222226
6 0.9556796875 0.5810138888888888 0.08707812500000003 0.16729166666666673
6 0.8654375 0.5497916666666667 0.07935156250000013 0.10986111111111115
1 0.23093750000000002 0.6246666666666667 0.15085937500000002 0.12763888888888886
1 0.09375 0.69875 0.1875 0.3869027777777777
3 0.11114062499999999 0.8419027777777777 0.220796875 0.31343055555555566
3 0.47935156250000005 0.5825 0.03236718750000005 0.07506944444444438
0 0.7174453125 0.5062777777777777 0.12090624999999999 0.23743055555555562
6 0.58509375 0.5221250000000001 0.04078906250000003 0.06702777777777777