6 0.32421875 0.49583333333333335 0.028125 0.06666666666666667
6 0.11825000000000001 0.5410555555555555 0.097609375 0.1323333333333333
6 0.749921875 0.5298194444444445 0.15168750000000006 0.16479166666666664
6 0.6298359375 0.5048472222222222 0.06741406249999997 0.10487499999999998
6 0.2172890625 0.5160555555555556 0.10375781249999996 0.0920138888888889
6 0.8950234375000001 0.6922777777777778 0.2037343749999998 0.3886666666666667
6 0.369140625 0.4930555555555556 0.046812499999999965 0.07155555555555553
6 0.284671875 0.5039027777777778 0.062226562499999985 0.08002777777777778
6 0.42749218750000006 0.4574722222222222 0.016664062499999945 0.028833333333333322
1 0.5415078125 0.4787361111111111 0.024523437500000078 0.05191666666666666
6 0.942796875 0.4752638888888889 0.11440625000000004 0.10145833333333328
3 0.5544609375 0.5042916666666666 0.01735156250000003 0.06490277777777781
3 0.1921875 0.5875 0.046875 0.09722222222222222
0 0.476953125 0.4638888888888889 0.08359375 0.17777777777777778