6 0.753078125 0.5554166666666667 0.15519531250000007 0.21348611111111115
6 0.027734375 0.5354166666666667 0.05546875 0.10138888888888889
6 0.8208046875000001 0.5594583333333334 0.28589062500000006 0.23633333333333328
6 0.077390625 0.5199722222222222 0.060640625000000004 0.08463888888888896
6 0.5844765625 0.5399305555555556 0.169921875 0.14887500000000006
6 0.1589375 0.5099861111111111 0.05877343750000001 0.08105555555555558
6 0.452640625 0.5143194444444444 0.07825000000000007 0.09081944444444442
6 0.10967968749999998 0.5121527777777778 0.0434609375 0.07524999999999993
6 0.234375 0.47265277777777776 0.016585937500000016 0.031361111111111166
6 0.3566875 0.4934861111111111 0.025375000000000016 0.051805555555555494
0 0.282421875 0.4791666666666667 0.07734375 0.17222222222222222
3 0.88984375 0.8 0.2171875 0.3611111111111111
1 0.544140625 0.6576388888888889 0.26484375 0.3236111111111111
3 0.32734375 0.5138888888888888 0.0140625 0.05555555555555555
3 0.367578125 0.5270833333333333 0.02109375 0.06805555555555555