6 0.7330703125 0.5254583333333334 0.07584374999999995 0.11611111111111114
6 0.8875624999999999 0.5454305555555555 0.21628906249999993 0.17104166666666665
6 0.24465625000000002 0.5541666666666667 0.12008593750000003 0.12858333333333338
0 0.584375 0.4826388888888889 0.0890625 0.2152777777777778
3 0.653125 0.525 0.01875 0.06388888888888888
6 0.341015625 0.5243055555555556 0.09140625 0.08472222222222223
6 0.3984375 0.5131944444444444 0.0359375 0.06805555555555555
6 0.426171875 0.5055555555555555 0.02265625 0.06388888888888888
6 0.467578125 0.5013888888888889 0.03984375 0.08333333333333333
1 0.10025781250000002 0.6103333333333333 0.16753125 0.14351388888888894
3 0.33116406249999997 0.5617222222222222 0.03559374999999996 0.10802777777777774