6 0.7928515625 0.5195416666666667 0.11182812500000008 0.1029722222222222
6 0.70703125 0.5442777777777777 0.09466406250000006 0.12684722222222228
6 0.4321328125 0.5768194444444444 0.11633593750000007 0.17805555555555547
6 0.063203125 0.6354166666666666 0.12640625 0.2977500000000001
6 0.5863125 0.603625 0.23072656249999995 0.23956944444444445
6 0.89453125 0.5138888888888888 0.029203125000000087 0.0717777777777777
6 0.9541015625 0.5047777777777778 0.03970312500000013 0.0690138888888888
6 0.278921875 0.5818472222222222 0.27808593750000005 0.20337499999999992
3 0.1553203125 0.6908055555555556 0.08221875000000001 0.16204166666666678
3 0.8266640625000001 0.6184861111111111 0.03698437500000011 0.1018333333333334
3 0.9248046875 0.5408055555555555 0.01893749999999983 0.051138888888888956
3 0.616375 0.6807638888888888 0.11148437500000004 0.20898611111111115
6 0.8647656250000001 0.5171944444444444 0.047250000000000014 0.08465277777777784