6 0.4739375 0.7907500000000001 0.22331249999999994 0.34956944444444454
6 0.65828125 0.7557916666666666 0.12570312500000008 0.3121111111111112
6 0.1955 0.8154027777777778 0.16081250000000002 0.36641666666666656
6 0.07260156250000001 0.6420833333333333 0.14422656250000002 0.12118055555555556
6 0.052078124999999996 0.8089722222222223 0.1041484375 0.3184444444444444
6 0.6092500000000001 0.5178611111111111 0.062109375 0.1055277777777778
6 0.515140625 0.57075 0.11279687499999991 0.14105555555555563
6 0.3142109375 0.5776944444444444 0.1015625 0.17133333333333337
6 0.416015625 0.5811666666666666 0.09893750000000008 0.15050000000000002
6 0.202640625 0.5677083333333334 0.08508593749999997 0.14463888888888887
6 0.11163281249999998 0.5611944444444444 0.13940625 0.14811111111111108
6 0.3571796875 0.4869861111111111 0.10125781250000002 0.0862083333333334
6 0.43530468750000006 0.49175 0.08960156250000004 0.08062499999999993
6 0.271 0.5399305555555556 0.10192968750000002 0.1545138888888889
6 0.48071093749999994 0.49695833333333334 0.08282812499999999 0.08415277777777783
6 0.556640625 0.5013055555555556 0.09503125000000008 0.0965138888888889
6 0.142703125 0.49522222222222223 0.09685937500000001 0.06813888888888897
6 0.051179687500000015 0.5381944444444444 0.102296875 0.10427777777777783
6 0.2395 0.4635416666666667 0.08313281249999997 0.06488888888888893
6 0.66553125 0.523 0.05920312499999998 0.09923611111111118
6 0.286375 0.46744444444444444 0.09948437500000003 0.05837499999999996
6 0.654296875 0.4565972222222222 0.051359375000000006 0.04180555555555559