6 0.7169140625 0.8310138888888889 0.22331249999999994 0.3352083333333332
6 0.438125 0.8210138888888889 0.14607031250000002 0.35518055555555555
6 0.896484375 0.8315972222222222 0.2027578124999998 0.32530555555555557
6 0.2680703125 0.8033888888888889 0.21764843749999993 0.34613888888888894
6 0.650390625 0.6115416666666667 0.10522656250000004 0.15429166666666672
6 0.7587890625 0.625875 0.12768750000000004 0.1665555555555555
6 0.5517578125 0.6002638888888889 0.09253125000000004 0.16416666666666674
6 0.11901562500000003 0.6631944444444444 0.20275781249999997 0.0893055555555555
6 0.679203125 0.5299444444444444 0.10705468749999998 0.08604166666666672
6 0.07586718749999999 0.5911527777777777 0.1252421875 0.10052777777777777
6 0.1665078125 0.5186666666666666 0.1171875 0.11372222222222221
6 0.8696328125000001 0.5742222222222222 0.09039062499999986 0.1194722222222222
6 0.276609375 0.6419305555555557 0.22680468750000005 0.1590694444444444
6 0.5087890625 0.538625 0.09234375000000003 0.11165277777777775
6 0.375 0.5742222222222222 0.11859374999999997 0.1395416666666667
6 0.7939453125 0.5529583333333333 0.09741406250000004 0.09944444444444447
6 0.44897656250000006 0.5859444444444445 0.07934374999999996 0.1395416666666667
6 0.9311562500000001 0.5980972222222222 0.07067968749999984 0.11372222222222221
6 0.2939453125 0.5368888888888889 0.13342187499999997 0.09526388888888894
6 0.5922890625 0.5199722222222222 0.09948437499999993 0.09065277777777775
6 0.9243203125000001 0.5273472222222222 0.06210156249999983 0.04598611111111113
6 0.0720859375 0.4947916666666667 0.10650781250000001 0.07974999999999995
6 0.1124296875 0.5190972222222222 0.087890625 0.10524999999999997